impl,phase,n,gamma,threads,trial,ms,seed,offset,seed_index,key_mode,fastrange_mode
better-mphf-auto,build,512,0.000000,1,0,0.003829,4870315401550313391,11131921045574106320,0,multiplicative,mul64
better-mphf-auto,build,512,0.000000,1,1,0.003440,4870315401550313391,11131921045574106320,0,multiplicative,mul64
better-mphf-auto,build,512,0.000000,1,2,0.003369,4870315401550313391,11131921045574106320,0,multiplicative,mul64
better-mphf-auto,build,512,0.000000,1,3,0.003400,4870315401550313391,11131921045574106320,0,multiplicative,mul64
better-mphf-auto,build,512,0.000000,1,4,0.003371,4870315401550313391,11131921045574106320,0,multiplicative,mul64
better-mphf-auto,build,512,0.000000,1,5,0.003389,4870315401550313391,11131921045574106320,0,multiplicative,mul64
better-mphf-auto,build,512,0.000000,1,6,0.003391,4870315401550313391,11131921045574106320,0,multiplicative,mul64
better-mphf-auto,lookup,512,0.000000,1,0,0.009940,4870315401550313391,11131921045574106320,0,multiplicative,mul64
better-mphf-auto,lookup,512,0.000000,1,1,0.009491,4870315401550313391,11131921045574106320,0,multiplicative,mul64
better-mphf-auto,lookup,512,0.000000,1,2,0.006091,4870315401550313391,11131921045574106320,0,multiplicative,mul64
better-mphf-auto,lookup,512,0.000000,1,3,0.005869,4870315401550313391,11131921045574106320,0,multiplicative,mul64
better-mphf-auto,lookup,512,0.000000,1,4,0.005860,4870315401550313391,11131921045574106320,0,multiplicative,mul64
better-mphf-auto,build,1024,0.000000,1,0,0.008560,4870315401550313391,11131921045574106320,0,multiplicative,mul64
better-mphf-auto,build,1024,0.000000,1,1,0.007870,4870315401550313391,11131921045574106320,0,multiplicative,mul64
better-mphf-auto,build,1024,0.000000,1,2,0.007820,4870315401550313391,11131921045574106320,0,multiplicative,mul64
better-mphf-auto,build,1024,0.000000,1,3,0.007800,4870315401550313391,11131921045574106320,0,multiplicative,mul64
better-mphf-auto,build,1024,0.000000,1,4,0.007840,4870315401550313391,11131921045574106320,0,multiplicative,mul64
better-mphf-auto,build,1024,0.000000,1,5,0.007800,4870315401550313391,11131921045574106320,0,multiplicative,mul64
better-mphf-auto,build,1024,0.000000,1,6,0.007810,4870315401550313391,11131921045574106320,0,multiplicative,mul64
better-mphf-auto,lookup,1024,0.000000,1,0,0.020770,4870315401550313391,11131921045574106320,0,multiplicative,mul64
better-mphf-auto,lookup,1024,0.000000,1,1,0.019870,4870315401550313391,11131921045574106320,0,multiplicative,mul64
better-mphf-auto,lookup,1024,0.000000,1,2,0.012790,4870315401550313391,11131921045574106320,0,multiplicative,mul64
better-mphf-auto,lookup,1024,0.000000,1,3,0.012200,4870315401550313391,11131921045574106320,0,multiplicative,mul64
better-mphf-auto,lookup,1024,0.000000,1,4,0.012170,4870315401550313391,11131921045574106320,0,multiplicative,mul64
better-mphf-auto,build,2048,0.000000,1,0,0.015800,4870315401550313391,11131921045574106320,0,multiplicative,mul64
better-mphf-auto,build,2048,0.000000,1,1,0.015500,4870315401550313391,11131921045574106320,0,multiplicative,mul64
better-mphf-auto,build,2048,0.000000,1,2,0.015350,4870315401550313391,11131921045574106320,0,multiplicative,mul64
better-mphf-auto,build,2048,0.000000,1,3,0.015220,4870315401550313391,11131921045574106320,0,multiplicative,mul64
better-mphf-auto,build,2048,0.000000,1,4,0.015370,4870315401550313391,11131921045574106320,0,multiplicative,mul64
better-mphf-auto,build,2048,0.000000,1,5,0.015260,4870315401550313391,11131921045574106320,0,multiplicative,mul64
better-mphf-auto,build,2048,0.000000,1,6,0.015270,4870315401550313391,11131921045574106320,0,multiplicative,mul64
better-mphf-auto,lookup,2048,0.000000,1,0,0.051740,4870315401550313391,11131921045574106320,0,multiplicative,mul64
better-mphf-auto,lookup,2048,0.000000,1,1,0.040500,4870315401550313391,11131921045574106320,0,multiplicative,mul64
better-mphf-auto,lookup,2048,0.000000,1,2,0.025750,4870315401550313391,11131921045574106320,0,multiplicative,mul64
better-mphf-auto,lookup,2048,0.000000,1,3,0.024420,4870315401550313391,11131921045574106320,0,multiplicative,mul64
better-mphf-auto,lookup,2048,0.000000,1,4,0.024250,4870315401550313391,11131921045574106320,0,multiplicative,mul64
better-mphf-auto,build,4096,0.000000,1,0,0.036680,4870315401550313391,11131921045574106320,0,multiplicative,mul64
better-mphf-auto,build,4096,0.000000,1,1,0.035340,4870315401550313391,11131921045574106320,0,multiplicative,mul64
better-mphf-auto,build,4096,0.000000,1,2,0.042380,4870315401550313391,11131921045574106320,0,multiplicative,mul64
better-mphf-auto,build,4096,0.000000,1,3,0.034870,4870315401550313391,11131921045574106320,0,multiplicative,mul64
better-mphf-auto,build,4096,0.000000,1,4,0.037120,4870315401550313391,11131921045574106320,0,multiplicative,mul64
better-mphf-auto,build,4096,0.000000,1,5,0.035030,4870315401550313391,11131921045574106320,0,multiplicative,mul64
better-mphf-auto,build,4096,0.000000,1,6,0.034950,4870315401550313391,11131921045574106320,0,multiplicative,mul64
better-mphf-auto,lookup,4096,0.000000,1,0,0.083860,4870315401550313391,11131921045574106320,0,multiplicative,mul64
better-mphf-auto,lookup,4096,0.000000,1,1,0.082030,4870315401550313391,11131921045574106320,0,multiplicative,mul64
better-mphf-auto,lookup,4096,0.000000,1,2,0.053570,4870315401550313391,11131921045574106320,0,multiplicative,mul64
better-mphf-auto,lookup,4096,0.000000,1,3,0.048420,4870315401550313391,11131921045574106320,0,multiplicative,mul64
better-mphf-auto,lookup,4096,0.000000,1,4,0.048150,4870315401550313391,11131921045574106320,0,multiplicative,mul64
better-mphf-auto,build,8192,0.000000,1,0,0.106960,4870315401550313391,11131921045574106320,0,multiplicative,mul64
better-mphf-auto,build,8192,0.000000,1,1,0.103030,4870315401550313391,11131921045574106320,0,multiplicative,mul64
better-mphf-auto,build,8192,0.000000,1,2,0.102040,4870315401550313391,11131921045574106320,0,multiplicative,mul64
better-mphf-auto,build,8192,0.000000,1,3,0.102090,4870315401550313391,11131921045574106320,0,multiplicative,mul64
better-mphf-auto,build,8192,0.000000,1,4,0.104660,4870315401550313391,11131921045574106320,0,multiplicative,mul64
better-mphf-auto,build,8192,0.000000,1,5,0.102680,4870315401550313391,11131921045574106320,0,multiplicative,mul64
better-mphf-auto,build,8192,0.000000,1,6,0.110920,4870315401550313391,11131921045574106320,0,multiplicative,mul64
better-mphf-auto,lookup,8192,0.000000,1,0,0.197820,4870315401550313391,11131921045574106320,0,multiplicative,mul64
better-mphf-auto,lookup,8192,0.000000,1,1,0.194830,4870315401550313391,11131921045574106320,0,multiplicative,mul64
better-mphf-auto,lookup,8192,0.000000,1,2,0.144380,4870315401550313391,11131921045574106320,0,multiplicative,mul64
better-mphf-auto,lookup,8192,0.000000,1,3,0.118680,4870315401550313391,11131921045574106320,0,multiplicative,mul64
better-mphf-auto,lookup,8192,0.000000,1,4,0.121400,4870315401550313391,11131921045574106320,0,multiplicative,mul64
better-mphf-auto,build,16384,0.000000,1,0,0.232450,4870315401550313391,11131921045574106320,0,multiplicative,mul64
better-mphf-auto,build,16384,0.000000,1,1,0.220630,4870315401550313391,11131921045574106320,0,multiplicative,mul64
better-mphf-auto,build,16384,0.000000,1,2,0.244980,4870315401550313391,11131921045574106320,0,multiplicative,mul64
better-mphf-auto,build,16384,0.000000,1,3,0.222730,4870315401550313391,11131921045574106320,0,multiplicative,mul64
better-mphf-auto,build,16384,0.000000,1,4,0.217930,4870315401550313391,11131921045574106320,0,multiplicative,mul64
better-mphf-auto,build,16384,0.000000,1,5,0.217650,4870315401550313391,11131921045574106320,0,multiplicative,mul64
better-mphf-auto,build,16384,0.000000,1,6,0.217200,4870315401550313391,11131921045574106320,0,multiplicative,mul64
better-mphf-auto,lookup,16384,0.000000,1,0,0.339780,4870315401550313391,11131921045574106320,0,multiplicative,mul64
better-mphf-auto,lookup,16384,0.000000,1,1,0.335990,4870315401550313391,11131921045574106320,0,multiplicative,mul64
better-mphf-auto,lookup,16384,0.000000,1,2,0.332070,4870315401550313391,11131921045574106320,0,multiplicative,mul64
better-mphf-auto,lookup,16384,0.000000,1,3,0.301430,4870315401550313391,11131921045574106320,0,multiplicative,mul64
better-mphf-auto,lookup,16384,0.000000,1,4,0.283180,4870315401550313391,11131921045574106320,0,multiplicative,mul64
better-mphf-auto,build,32768,0.000000,1,0,0.461850,4870315401550313391,11131921045574106320,0,multiplicative,mul64
better-mphf-auto,build,32768,0.000000,1,1,0.454150,4870315401550313391,11131921045574106320,0,multiplicative,mul64
better-mphf-auto,build,32768,0.000000,1,2,0.401550,4870315401550313391,11131921045574106320,0,multiplicative,mul64
better-mphf-auto,build,32768,0.000000,1,3,0.377710,4870315401550313391,11131921045574106320,0,multiplicative,mul64
better-mphf-auto,build,32768,0.000000,1,4,0.344690,4870315401550313391,11131921045574106320,0,multiplicative,mul64
better-mphf-auto,build,32768,0.000000,1,5,0.334730,4870315401550313391,11131921045574106320,0,multiplicative,mul64
better-mphf-auto,build,32768,0.000000,1,6,0.340590,4870315401550313391,11131921045574106320,0,multiplicative,mul64
better-mphf-auto,lookup,32768,0.000000,1,0,0.728360,4870315401550313391,11131921045574106320,0,multiplicative,mul64
better-mphf-auto,lookup,32768,0.000000,1,1,0.714900,4870315401550313391,11131921045574106320,0,multiplicative,mul64
better-mphf-auto,lookup,32768,0.000000,1,2,0.709880,4870315401550313391,11131921045574106320,0,multiplicative,mul64
better-mphf-auto,lookup,32768,0.000000,1,3,0.702960,4870315401550313391,11131921045574106320,0,multiplicative,mul64
better-mphf-auto,lookup,32768,0.000000,1,4,0.696120,4870315401550313391,11131921045574106320,0,multiplicative,mul64
better-mphf-auto,build,65536,0.000000,1,0,1.079300,4870315401550313391,11131921045574106320,0,multiplicative,mul64
better-mphf-auto,build,65536,0.000000,1,1,1.103100,4870315401550313391,11131921045574106320,0,multiplicative,mul64
better-mphf-auto,build,65536,0.000000,1,2,1.075080,4870315401550313391,11131921045574106320,0,multiplicative,mul64
better-mphf-auto,build,65536,0.000000,1,3,1.082710,4870315401550313391,11131921045574106320,0,multiplicative,mul64
better-mphf-auto,build,65536,0.000000,1,4,1.082440,4870315401550313391,11131921045574106320,0,multiplicative,mul64
better-mphf-auto,build,65536,0.000000,1,5,1.088900,4870315401550313391,11131921045574106320,0,multiplicative,mul64
better-mphf-auto,build,65536,0.000000,1,6,1.081820,4870315401550313391,11131921045574106320,0,multiplicative,mul64
better-mphf-auto,lookup,65536,0.000000,1,0,1.442450,4870315401550313391,11131921045574106320,0,multiplicative,mul64
better-mphf-auto,lookup,65536,0.000000,1,1,1.444280,4870315401550313391,11131921045574106320,0,multiplicative,mul64
better-mphf-auto,lookup,65536,0.000000,1,2,1.434880,4870315401550313391,11131921045574106320,0,multiplicative,mul64
better-mphf-auto,lookup,65536,0.000000,1,3,1.438000,4870315401550313391,11131921045574106320,0,multiplicative,mul64
better-mphf-auto,lookup,65536,0.000000,1,4,1.428990,4870315401550313391,11131921045574106320,0,multiplicative,mul64
better-mphf-auto,build,131072,0.000000,1,0,1.703710,4870315401550313391,11131921045574106320,0,multiplicative,mul64
better-mphf-auto,build,131072,0.000000,1,1,1.687770,4870315401550313391,11131921045574106320,0,multiplicative,mul64
better-mphf-auto,build,131072,0.000000,1,2,1.775900,4870315401550313391,11131921045574106320,0,multiplicative,mul64
better-mphf-auto,build,131072,0.000000,1,3,1.948829,4870315401550313391,11131921045574106320,0,multiplicative,mul64
better-mphf-auto,build,131072,0.000000,1,4,1.978740,4870315401550313391,11131921045574106320,0,multiplicative,mul64
better-mphf-auto,build,131072,0.000000,1,5,1.920970,4870315401550313391,11131921045574106320,0,multiplicative,mul64
better-mphf-auto,build,131072,0.000000,1,6,1.886520,4870315401550313391,11131921045574106320,0,multiplicative,mul64
better-mphf-auto,lookup,131072,0.000000,1,0,4.029800,4870315401550313391,11131921045574106320,0,multiplicative,mul64
better-mphf-auto,lookup,131072,0.000000,1,1,3.842880,4870315401550313391,11131921045574106320,0,multiplicative,mul64
better-mphf-auto,lookup,131072,0.000000,1,2,3.833540,4870315401550313391,11131921045574106320,0,multiplicative,mul64
better-mphf-auto,lookup,131072,0.000000,1,3,3.799900,4870315401550313391,11131921045574106320,0,multiplicative,mul64
better-mphf-auto,lookup,131072,0.000000,1,4,3.417590,4870315401550313391,11131921045574106320,0,multiplicative,mul64
better-mphf-auto,build,262144,0.000000,1,0,9.002050,4870315401550313391,11131921045574106320,0,multiplicative,mul64
better-mphf-auto,build,262144,0.000000,1,1,8.943539,4870315401550313391,11131921045574106320,0,multiplicative,mul64
better-mphf-auto,build,262144,0.000000,1,2,7.550520,4870315401550313391,11131921045574106320,0,multiplicative,mul64
better-mphf-auto,build,262144,0.000000,1,3,7.586079,4870315401550313391,11131921045574106320,0,multiplicative,mul64
better-mphf-auto,build,262144,0.000000,1,4,6.545020,4870315401550313391,11131921045574106320,0,multiplicative,mul64
better-mphf-auto,build,262144,0.000000,1,5,3.719410,4870315401550313391,11131921045574106320,0,multiplicative,mul64
better-mphf-auto,build,262144,0.000000,1,6,3.682710,4870315401550313391,11131921045574106320,0,multiplicative,mul64
better-mphf-auto,lookup,262144,0.000000,1,0,6.029930,4870315401550313391,11131921045574106320,0,multiplicative,mul64
better-mphf-auto,lookup,262144,0.000000,1,1,6.026460,4870315401550313391,11131921045574106320,0,multiplicative,mul64
better-mphf-auto,lookup,262144,0.000000,1,2,6.013280,4870315401550313391,11131921045574106320,0,multiplicative,mul64
better-mphf-auto,lookup,262144,0.000000,1,3,6.032440,4870315401550313391,11131921045574106320,0,multiplicative,mul64
better-mphf-auto,lookup,262144,0.000000,1,4,6.013009,4870315401550313391,11131921045574106320,0,multiplicative,mul64
better-mphf-auto,build,524288,0.000000,1,0,7.525389,4870315401550313391,11131921045574106320,0,multiplicative,mul64
better-mphf-auto,build,524288,0.000000,1,1,7.635619,4870315401550313391,11131921045574106320,0,multiplicative,mul64
better-mphf-auto,build,524288,0.000000,1,2,7.534400,4870315401550313391,11131921045574106320,0,multiplicative,mul64
better-mphf-auto,build,524288,0.000000,1,3,7.533319,4870315401550313391,11131921045574106320,0,multiplicative,mul64
better-mphf-auto,build,524288,0.000000,1,4,7.575400,4870315401550313391,11131921045574106320,0,multiplicative,mul64
better-mphf-auto,build,524288,0.000000,1,5,7.558249,4870315401550313391,11131921045574106320,0,multiplicative,mul64
better-mphf-auto,build,524288,0.000000,1,6,7.513670,4870315401550313391,11131921045574106320,0,multiplicative,mul64
better-mphf-auto,lookup,524288,0.000000,1,0,12.589930,4870315401550313391,11131921045574106320,0,multiplicative,mul64
better-mphf-auto,lookup,524288,0.000000,1,1,12.604529,4870315401550313391,11131921045574106320,0,multiplicative,mul64
better-mphf-auto,lookup,524288,0.000000,1,2,12.588309,4870315401550313391,11131921045574106320,0,multiplicative,mul64
better-mphf-auto,lookup,524288,0.000000,1,3,12.587179,4870315401550313391,11131921045574106320,0,multiplicative,mul64
better-mphf-auto,lookup,524288,0.000000,1,4,12.597050,4870315401550313391,11131921045574106320,0,multiplicative,mul64
better-mphf-auto,build,1048576,0.000000,1,0,16.112810,4870315401550313391,11131921045574106320,0,multiplicative,mul64
better-mphf-auto,build,1048576,0.000000,1,1,16.256190,4870315401550313391,11131921045574106320,0,multiplicative,mul64
better-mphf-auto,build,1048576,0.000000,1,2,16.176380,4870315401550313391,11131921045574106320,0,multiplicative,mul64
better-mphf-auto,build,1048576,0.000000,1,3,16.275389,4870315401550313391,11131921045574106320,0,multiplicative,mul64
better-mphf-auto,build,1048576,0.000000,1,4,16.225589,4870315401550313391,11131921045574106320,0,multiplicative,mul64
better-mphf-auto,build,1048576,0.000000,1,5,16.194669,4870315401550313391,11131921045574106320,0,multiplicative,mul64
better-mphf-auto,build,1048576,0.000000,1,6,16.204479,4870315401550313391,11131921045574106320,0,multiplicative,mul64
better-mphf-auto,lookup,1048576,0.000000,1,0,29.724268,4870315401550313391,11131921045574106320,0,multiplicative,mul64
better-mphf-auto,lookup,1048576,0.000000,1,1,29.470068,4870315401550313391,11131921045574106320,0,multiplicative,mul64
better-mphf-auto,lookup,1048576,0.000000,1,2,29.406629,4870315401550313391,11131921045574106320,0,multiplicative,mul64
better-mphf-auto,lookup,1048576,0.000000,1,3,29.491788,4870315401550313391,11131921045574106320,0,multiplicative,mul64
better-mphf-auto,lookup,1048576,0.000000,1,4,29.482398,4870315401550313391,11131921045574106320,0,multiplicative,mul64
better-mphf-auto,build,2097152,0.000000,1,0,51.524487,4870315401550313391,11131921045574106320,0,multiplicative,mul64
better-mphf-auto,build,2097152,0.000000,1,1,51.409547,4870315401550313391,11131921045574106320,0,multiplicative,mul64
better-mphf-auto,build,2097152,0.000000,1,2,51.414537,4870315401550313391,11131921045574106320,0,multiplicative,mul64
better-mphf-auto,build,2097152,0.000000,1,3,51.773527,4870315401550313391,11131921045574106320,0,multiplicative,mul64
better-mphf-auto,build,2097152,0.000000,1,4,50.971817,4870315401550313391,11131921045574106320,0,multiplicative,mul64
better-mphf-auto,build,2097152,0.000000,1,5,52.051157,4870315401550313391,11131921045574106320,0,multiplicative,mul64
better-mphf-auto,build,2097152,0.000000,1,6,50.981577,4870315401550313391,11131921045574106320,0,multiplicative,mul64
better-mphf-auto,lookup,2097152,0.000000,1,0,67.115086,4870315401550313391,11131921045574106320,0,multiplicative,mul64
better-mphf-auto,lookup,2097152,0.000000,1,1,66.559246,4870315401550313391,11131921045574106320,0,multiplicative,mul64
better-mphf-auto,lookup,2097152,0.000000,1,2,71.328396,4870315401550313391,11131921045574106320,0,multiplicative,mul64
better-mphf-auto,lookup,2097152,0.000000,1,3,76.431655,4870315401550313391,11131921045574106320,0,multiplicative,mul64
better-mphf-auto,lookup,2097152,0.000000,1,4,66.015586,4870315401550313391,11131921045574106320,0,multiplicative,mul64
better-mphf-auto,build,512,0.000000,1,0,0.003870,3600363574174988349,13668450614719034006,1,multiplicative,mul64
better-mphf-auto,build,512,0.000000,1,1,0.003530,3600363574174988349,13668450614719034006,1,multiplicative,mul64
better-mphf-auto,build,512,0.000000,1,2,0.003450,3600363574174988349,13668450614719034006,1,multiplicative,mul64
better-mphf-auto,build,512,0.000000,1,3,0.003530,3600363574174988349,13668450614719034006,1,multiplicative,mul64
better-mphf-auto,build,512,0.000000,1,4,0.003560,3600363574174988349,13668450614719034006,1,multiplicative,mul64
better-mphf-auto,build,512,0.000000,1,5,0.003470,3600363574174988349,13668450614719034006,1,multiplicative,mul64
better-mphf-auto,build,512,0.000000,1,6,0.003470,3600363574174988349,13668450614719034006,1,multiplicative,mul64
better-mphf-auto,lookup,512,0.000000,1,0,0.010480,3600363574174988349,13668450614719034006,1,multiplicative,mul64
better-mphf-auto,lookup,512,0.000000,1,1,0.009870,3600363574174988349,13668450614719034006,1,multiplicative,mul64
better-mphf-auto,lookup,512,0.000000,1,2,0.006280,3600363574174988349,13668450614719034006,1,multiplicative,mul64
better-mphf-auto,lookup,512,0.000000,1,3,0.005930,3600363574174988349,13668450614719034006,1,multiplicative,mul64
better-mphf-auto,lookup,512,0.000000,1,4,0.005940,3600363574174988349,13668450614719034006,1,multiplicative,mul64
better-mphf-auto,build,1024,0.000000,1,0,0.008369,3600363574174988349,13668450614719034006,1,multiplicative,mul64
better-mphf-auto,build,1024,0.000000,1,1,0.007780,3600363574174988349,13668450614719034006,1,multiplicative,mul64
better-mphf-auto,build,1024,0.000000,1,2,0.007851,3600363574174988349,13668450614719034006,1,multiplicative,mul64
better-mphf-auto,build,1024,0.000000,1,3,0.007809,3600363574174988349,13668450614719034006,1,multiplicative,mul64
better-mphf-auto,build,1024,0.000000,1,4,0.007680,3600363574174988349,13668450614719034006,1,multiplicative,mul64
better-mphf-auto,build,1024,0.000000,1,5,0.007700,3600363574174988349,13668450614719034006,1,multiplicative,mul64
better-mphf-auto,build,1024,0.000000,1,6,0.007749,3600363574174988349,13668450614719034006,1,multiplicative,mul64
better-mphf-auto,lookup,1024,0.000000,1,0,0.020420,3600363574174988349,13668450614719034006,1,multiplicative,mul64
better-mphf-auto,lookup,1024,0.000000,1,1,0.018080,3600363574174988349,13668450614719034006,1,multiplicative,mul64
better-mphf-auto,lookup,1024,0.000000,1,2,0.012269,3600363574174988349,13668450614719034006,1,multiplicative,mul64
better-mphf-auto,lookup,1024,0.000000,1,3,0.012060,3600363574174988349,13668450614719034006,1,multiplicative,mul64
better-mphf-auto,lookup,1024,0.000000,1,4,0.012040,3600363574174988349,13668450614719034006,1,multiplicative,mul64
better-mphf-auto,build,2048,0.000000,1,0,0.024071,3600363574174988349,13668450614719034006,1,multiplicative,mul64
better-mphf-auto,build,2048,0.000000,1,1,0.023309,3600363574174988349,13668450614719034006,1,multiplicative,mul64
better-mphf-auto,build,2048,0.000000,1,2,0.023271,3600363574174988349,13668450614719034006,1,multiplicative,mul64
better-mphf-auto,build,2048,0.000000,1,3,0.023260,3600363574174988349,13668450614719034006,1,multiplicative,mul64
better-mphf-auto,build,2048,0.000000,1,4,0.023240,3600363574174988349,13668450614719034006,1,multiplicative,mul64
better-mphf-auto,build,2048,0.000000,1,5,0.023229,3600363574174988349,13668450614719034006,1,multiplicative,mul64
better-mphf-auto,build,2048,0.000000,1,6,0.023271,3600363574174988349,13668450614719034006,1,multiplicative,mul64
better-mphf-auto,lookup,2048,0.000000,1,0,0.041151,3600363574174988349,13668450614719034006,1,multiplicative,mul64
better-mphf-auto,lookup,2048,0.000000,1,1,0.040109,3600363574174988349,13668450614719034006,1,multiplicative,mul64
better-mphf-auto,lookup,2048,0.000000,1,2,0.025540,3600363574174988349,13668450614719034006,1,multiplicative,mul64
better-mphf-auto,lookup,2048,0.000000,1,3,0.024320,3600363574174988349,13668450614719034006,1,multiplicative,mul64
better-mphf-auto,lookup,2048,0.000000,1,4,0.024251,3600363574174988349,13668450614719034006,1,multiplicative,mul64
better-mphf-auto,build,4096,0.000000,1,0,0.033460,3600363574174988349,13668450614719034006,1,multiplicative,mul64
better-mphf-auto,build,4096,0.000000,1,1,0.034109,3600363574174988349,13668450614719034006,1,multiplicative,mul64
better-mphf-auto,build,4096,0.000000,1,2,0.033860,3600363574174988349,13668450614719034006,1,multiplicative,mul64
better-mphf-auto,build,4096,0.000000,1,3,0.034000,3600363574174988349,13668450614719034006,1,multiplicative,mul64
better-mphf-auto,build,4096,0.000000,1,4,0.033891,3600363574174988349,13668450614719034006,1,multiplicative,mul64
better-mphf-auto,build,4096,0.000000,1,5,0.031889,3600363574174988349,13668450614719034006,1,multiplicative,mul64
better-mphf-auto,build,4096,0.000000,1,6,0.031660,3600363574174988349,13668450614719034006,1,multiplicative,mul64
better-mphf-auto,lookup,4096,0.000000,1,0,0.083200,3600363574174988349,13668450614719034006,1,multiplicative,mul64
better-mphf-auto,lookup,4096,0.000000,1,1,0.081560,3600363574174988349,13668450614719034006,1,multiplicative,mul64
better-mphf-auto,lookup,4096,0.000000,1,2,0.053631,3600363574174988349,13668450614719034006,1,multiplicative,mul64
better-mphf-auto,lookup,4096,0.000000,1,3,0.048940,3600363574174988349,13668450614719034006,1,multiplicative,mul64
better-mphf-auto,lookup,4096,0.000000,1,4,0.048729,3600363574174988349,13668450614719034006,1,multiplicative,mul64
better-mphf-auto,build,8192,0.000000,1,0,0.074660,3600363574174988349,13668450614719034006,1,multiplicative,mul64
better-mphf-auto,build,8192,0.000000,1,1,0.061300,3600363574174988349,13668450614719034006,1,multiplicative,mul64
better-mphf-auto,build,8192,0.000000,1,2,0.059140,3600363574174988349,13668450614719034006,1,multiplicative,mul64
better-mphf-auto,build,8192,0.000000,1,3,0.059590,3600363574174988349,13668450614719034006,1,multiplicative,mul64
better-mphf-auto,build,8192,0.000000,1,4,0.061440,3600363574174988349,13668450614719034006,1,multiplicative,mul64
better-mphf-auto,build,8192,0.000000,1,5,0.058810,3600363574174988349,13668450614719034006,1,multiplicative,mul64
better-mphf-auto,build,8192,0.000000,1,6,0.058940,3600363574174988349,13668450614719034006,1,multiplicative,mul64
better-mphf-auto,lookup,8192,0.000000,1,0,0.168930,3600363574174988349,13668450614719034006,1,multiplicative,mul64
better-mphf-auto,lookup,8192,0.000000,1,1,0.162420,3600363574174988349,13668450614719034006,1,multiplicative,mul64
better-mphf-auto,lookup,8192,0.000000,1,2,0.118750,3600363574174988349,13668450614719034006,1,multiplicative,mul64
better-mphf-auto,lookup,8192,0.000000,1,3,0.107269,3600363574174988349,13668450614719034006,1,multiplicative,mul64
better-mphf-auto,lookup,8192,0.000000,1,4,0.097791,3600363574174988349,13668450614719034006,1,multiplicative,mul64
better-mphf-auto,build,16384,0.000000,1,0,0.175630,3600363574174988349,13668450614719034006,1,multiplicative,mul64
better-mphf-auto,build,16384,0.000000,1,1,0.157400,3600363574174988349,13668450614719034006,1,multiplicative,mul64
better-mphf-auto,build,16384,0.000000,1,2,0.155050,3600363574174988349,13668450614719034006,1,multiplicative,mul64
better-mphf-auto,build,16384,0.000000,1,3,0.154830,3600363574174988349,13668450614719034006,1,multiplicative,mul64
better-mphf-auto,build,16384,0.000000,1,4,0.154120,3600363574174988349,13668450614719034006,1,multiplicative,mul64
better-mphf-auto,build,16384,0.000000,1,5,0.154400,3600363574174988349,13668450614719034006,1,multiplicative,mul64
better-mphf-auto,build,16384,0.000000,1,6,0.154430,3600363574174988349,13668450614719034006,1,multiplicative,mul64
better-mphf-auto,lookup,16384,0.000000,1,0,0.341040,3600363574174988349,13668450614719034006,1,multiplicative,mul64
better-mphf-auto,lookup,16384,0.000000,1,1,0.337260,3600363574174988349,13668450614719034006,1,multiplicative,mul64
better-mphf-auto,lookup,16384,0.000000,1,2,0.329649,3600363574174988349,13668450614719034006,1,multiplicative,mul64
better-mphf-auto,lookup,16384,0.000000,1,3,0.303000,3600363574174988349,13668450614719034006,1,multiplicative,mul64
better-mphf-auto,lookup,16384,0.000000,1,4,0.284960,3600363574174988349,13668450614719034006,1,multiplicative,mul64
better-mphf-auto,build,32768,0.000000,1,0,0.460100,3600363574174988349,13668450614719034006,1,multiplicative,mul64
better-mphf-auto,build,32768,0.000000,1,1,0.416029,3600363574174988349,13668450614719034006,1,multiplicative,mul64
better-mphf-auto,build,32768,0.000000,1,2,0.386071,3600363574174988349,13668450614719034006,1,multiplicative,mul64
better-mphf-auto,build,32768,0.000000,1,3,0.354060,3600363574174988349,13668450614719034006,1,multiplicative,mul64
better-mphf-auto,build,32768,0.000000,1,4,0.337440,3600363574174988349,13668450614719034006,1,multiplicative,mul64
better-mphf-auto,build,32768,0.000000,1,5,0.335440,3600363574174988349,13668450614719034006,1,multiplicative,mul64
better-mphf-auto,build,32768,0.000000,1,6,0.329920,3600363574174988349,13668450614719034006,1,multiplicative,mul64
better-mphf-auto,lookup,32768,0.000000,1,0,0.687969,3600363574174988349,13668450614719034006,1,multiplicative,mul64
better-mphf-auto,lookup,32768,0.000000,1,1,0.681610,3600363574174988349,13668450614719034006,1,multiplicative,mul64
better-mphf-auto,lookup,32768,0.000000,1,2,0.669260,3600363574174988349,13668450614719034006,1,multiplicative,mul64
better-mphf-auto,lookup,32768,0.000000,1,3,0.668960,3600363574174988349,13668450614719034006,1,multiplicative,mul64
better-mphf-auto,lookup,32768,0.000000,1,4,0.665100,3600363574174988349,13668450614719034006,1,multiplicative,mul64
better-mphf-auto,build,65536,0.000000,1,0,1.089790,3600363574174988349,13668450614719034006,1,multiplicative,mul64
better-mphf-auto,build,65536,0.000000,1,1,1.078460,3600363574174988349,13668450614719034006,1,multiplicative,mul64
better-mphf-auto,build,65536,0.000000,1,2,1.068730,3600363574174988349,13668450614719034006,1,multiplicative,mul64
better-mphf-auto,build,65536,0.000000,1,3,1.071480,3600363574174988349,13668450614719034006,1,multiplicative,mul64
better-mphf-auto,build,65536,0.000000,1,4,1.079720,3600363574174988349,13668450614719034006,1,multiplicative,mul64
better-mphf-auto,build,65536,0.000000,1,5,1.069690,3600363574174988349,13668450614719034006,1,multiplicative,mul64
better-mphf-auto,build,65536,0.000000,1,6,1.066880,3600363574174988349,13668450614719034006,1,multiplicative,mul64
better-mphf-auto,lookup,65536,0.000000,1,0,1.413110,3600363574174988349,13668450614719034006,1,multiplicative,mul64
better-mphf-auto,lookup,65536,0.000000,1,1,1.410369,3600363574174988349,13668450614719034006,1,multiplicative,mul64
better-mphf-auto,lookup,65536,0.000000,1,2,1.401520,3600363574174988349,13668450614719034006,1,multiplicative,mul64
better-mphf-auto,lookup,65536,0.000000,1,3,1.398780,3600363574174988349,13668450614719034006,1,multiplicative,mul64
better-mphf-auto,lookup,65536,0.000000,1,4,1.402700,3600363574174988349,13668450614719034006,1,multiplicative,mul64
better-mphf-auto,build,131072,0.000000,1,0,1.578190,3600363574174988349,13668450614719034006,1,multiplicative,mul64
better-mphf-auto,build,131072,0.000000,1,1,1.563260,3600363574174988349,13668450614719034006,1,multiplicative,mul64
better-mphf-auto,build,131072,0.000000,1,2,1.560100,3600363574174988349,13668450614719034006,1,multiplicative,mul64
better-mphf-auto,build,131072,0.000000,1,3,1.559660,3600363574174988349,13668450614719034006,1,multiplicative,mul64
better-mphf-auto,build,131072,0.000000,1,4,1.551090,3600363574174988349,13668450614719034006,1,multiplicative,mul64
better-mphf-auto,build,131072,0.000000,1,5,1.563000,3600363574174988349,13668450614719034006,1,multiplicative,mul64
better-mphf-auto,build,131072,0.000000,1,6,1.557009,3600363574174988349,13668450614719034006,1,multiplicative,mul64
better-mphf-auto,lookup,131072,0.000000,1,0,3.006840,3600363574174988349,13668450614719034006,1,multiplicative,mul64
better-mphf-auto,lookup,131072,0.000000,1,1,3.006910,3600363574174988349,13668450614719034006,1,multiplicative,mul64
better-mphf-auto,lookup,131072,0.000000,1,2,3.000730,3600363574174988349,13668450614719034006,1,multiplicative,mul64
better-mphf-auto,lookup,131072,0.000000,1,3,3.010180,3600363574174988349,13668450614719034006,1,multiplicative,mul64
better-mphf-auto,lookup,131072,0.000000,1,4,3.005810,3600363574174988349,13668450614719034006,1,multiplicative,mul64
better-mphf-auto,build,262144,0.000000,1,0,4.184090,3600363574174988349,13668450614719034006,1,multiplicative,mul64
better-mphf-auto,build,262144,0.000000,1,1,4.187479,3600363574174988349,13668450614719034006,1,multiplicative,mul64
better-mphf-auto,build,262144,0.000000,1,2,4.182750,3600363574174988349,13668450614719034006,1,multiplicative,mul64
better-mphf-auto,build,262144,0.000000,1,3,4.200020,3600363574174988349,13668450614719034006,1,multiplicative,mul64
better-mphf-auto,build,262144,0.000000,1,4,4.190849,3600363574174988349,13668450614719034006,1,multiplicative,mul64
better-mphf-auto,build,262144,0.000000,1,5,4.214450,3600363574174988349,13668450614719034006,1,multiplicative,mul64
better-mphf-auto,build,262144,0.000000,1,6,4.195310,3600363574174988349,13668450614719034006,1,multiplicative,mul64
better-mphf-auto,lookup,262144,0.000000,1,0,6.048659,3600363574174988349,13668450614719034006,1,multiplicative,mul64
better-mphf-auto,lookup,262144,0.000000,1,1,6.274310,3600363574174988349,13668450614719034006,1,multiplicative,mul64
better-mphf-auto,lookup,262144,0.000000,1,2,6.044310,3600363574174988349,13668450614719034006,1,multiplicative,mul64
better-mphf-auto,lookup,262144,0.000000,1,3,6.038339,3600363574174988349,13668450614719034006,1,multiplicative,mul64
better-mphf-auto,lookup,262144,0.000000,1,4,6.041040,3600363574174988349,13668450614719034006,1,multiplicative,mul64
better-mphf-auto,build,524288,0.000000,1,0,10.355130,3600363574174988349,13668450614719034006,1,multiplicative,mul64
better-mphf-auto,build,524288,0.000000,1,1,10.399059,3600363574174988349,13668450614719034006,1,multiplicative,mul64
better-mphf-auto,build,524288,0.000000,1,2,10.326990,3600363574174988349,13668450614719034006,1,multiplicative,mul64
better-mphf-auto,build,524288,0.000000,1,3,10.296889,3600363574174988349,13668450614719034006,1,multiplicative,mul64
better-mphf-auto,build,524288,0.000000,1,4,10.661159,3600363574174988349,13668450614719034006,1,multiplicative,mul64
better-mphf-auto,build,524288,0.000000,1,5,10.426260,3600363574174988349,13668450614719034006,1,multiplicative,mul64
better-mphf-auto,build,524288,0.000000,1,6,10.329419,3600363574174988349,13668450614719034006,1,multiplicative,mul64
better-mphf-auto,lookup,524288,0.000000,1,0,12.568580,3600363574174988349,13668450614719034006,1,multiplicative,mul64
better-mphf-auto,lookup,524288,0.000000,1,1,12.562189,3600363574174988349,13668450614719034006,1,multiplicative,mul64
better-mphf-auto,lookup,524288,0.000000,1,2,12.568119,3600363574174988349,13668450614719034006,1,multiplicative,mul64
better-mphf-auto,lookup,524288,0.000000,1,3,12.582900,3600363574174988349,13668450614719034006,1,multiplicative,mul64
better-mphf-auto,lookup,524288,0.000000,1,4,12.666340,3600363574174988349,13668450614719034006,1,multiplicative,mul64
better-mphf-auto,build,1048576,0.000000,1,0,44.888057,3600363574174988349,13668450614719034006,1,multiplicative,mul64
better-mphf-auto,build,1048576,0.000000,1,1,45.568648,3600363574174988349,13668450614719034006,1,multiplicative,mul64
better-mphf-auto,build,1048576,0.000000,1,2,45.616277,3600363574174988349,13668450614719034006,1,multiplicative,mul64
better-mphf-auto,build,1048576,0.000000,1,3,45.618407,3600363574174988349,13668450614719034006,1,multiplicative,mul64
better-mphf-auto,build,1048576,0.000000,1,4,46.296198,3600363574174988349,13668450614719034006,1,multiplicative,mul64
better-mphf-auto,build,1048576,0.000000,1,5,46.247367,3600363574174988349,13668450614719034006,1,multiplicative,mul64
better-mphf-auto,build,1048576,0.000000,1,6,44.834287,3600363574174988349,13668450614719034006,1,multiplicative,mul64
better-mphf-auto,lookup,1048576,0.000000,1,0,29.094589,3600363574174988349,13668450614719034006,1,multiplicative,mul64
better-mphf-auto,lookup,1048576,0.000000,1,1,29.002918,3600363574174988349,13668450614719034006,1,multiplicative,mul64
better-mphf-auto,lookup,1048576,0.000000,1,2,28.974198,3600363574174988349,13668450614719034006,1,multiplicative,mul64
better-mphf-auto,lookup,1048576,0.000000,1,3,28.998839,3600363574174988349,13668450614719034006,1,multiplicative,mul64
better-mphf-auto,lookup,1048576,0.000000,1,4,29.025518,3600363574174988349,13668450614719034006,1,multiplicative,mul64
better-mphf-auto,build,2097152,0.000000,1,0,43.868407,3600363574174988349,13668450614719034006,1,multiplicative,mul64
better-mphf-auto,build,2097152,0.000000,1,1,41.893398,3600363574174988349,13668450614719034006,1,multiplicative,mul64
better-mphf-auto,build,2097152,0.000000,1,2,41.946078,3600363574174988349,13668450614719034006,1,multiplicative,mul64
better-mphf-auto,build,2097152,0.000000,1,3,41.938817,3600363574174988349,13668450614719034006,1,multiplicative,mul64
better-mphf-auto,build,2097152,0.000000,1,4,42.990787,3600363574174988349,13668450614719034006,1,multiplicative,mul64
better-mphf-auto,build,2097152,0.000000,1,5,43.785907,3600363574174988349,13668450614719034006,1,multiplicative,mul64
better-mphf-auto,build,2097152,0.000000,1,6,44.530868,3600363574174988349,13668450614719034006,1,multiplicative,mul64
better-mphf-auto,lookup,2097152,0.000000,1,0,73.340385,3600363574174988349,13668450614719034006,1,multiplicative,mul64
better-mphf-auto,lookup,2097152,0.000000,1,1,66.376687,3600363574174988349,13668450614719034006,1,multiplicative,mul64
better-mphf-auto,lookup,2097152,0.000000,1,2,66.366626,3600363574174988349,13668450614719034006,1,multiplicative,mul64
better-mphf-auto,lookup,2097152,0.000000,1,3,66.513196,3600363574174988349,13668450614719034006,1,multiplicative,mul64
better-mphf-auto,lookup,2097152,0.000000,1,4,66.547096,3600363574174988349,13668450614719034006,1,multiplicative,mul64
better-mphf-auto,build,512,0.000000,1,0,0.007049,12901796495910421529,12401290971536666666,2,multiplicative,mul64
better-mphf-auto,build,512,0.000000,1,1,0.006651,12901796495910421529,12401290971536666666,2,multiplicative,mul64
better-mphf-auto,build,512,0.000000,1,2,0.006600,12901796495910421529,12401290971536666666,2,multiplicative,mul64
better-mphf-auto,build,512,0.000000,1,3,0.006549,12901796495910421529,12401290971536666666,2,multiplicative,mul64
better-mphf-auto,build,512,0.000000,1,4,0.006531,12901796495910421529,12401290971536666666,2,multiplicative,mul64
better-mphf-auto,build,512,0.000000,1,5,0.006709,12901796495910421529,12401290971536666666,2,multiplicative,mul64
better-mphf-auto,build,512,0.000000,1,6,0.006651,12901796495910421529,12401290971536666666,2,multiplicative,mul64
better-mphf-auto,lookup,512,0.000000,1,0,0.010080,12901796495910421529,12401290971536666666,2,multiplicative,mul64
better-mphf-auto,lookup,512,0.000000,1,1,0.009669,12901796495910421529,12401290971536666666,2,multiplicative,mul64
better-mphf-auto,lookup,512,0.000000,1,2,0.006120,12901796495910421529,12401290971536666666,2,multiplicative,mul64
better-mphf-auto,lookup,512,0.000000,1,3,0.005840,12901796495910421529,12401290971536666666,2,multiplicative,mul64
better-mphf-auto,lookup,512,0.000000,1,4,0.005800,12901796495910421529,12401290971536666666,2,multiplicative,mul64
better-mphf-auto,build,1024,0.000000,1,0,0.030180,12901796495910421529,12401290971536666666,2,multiplicative,mul64
better-mphf-auto,build,1024,0.000000,1,1,0.027210,12901796495910421529,12401290971536666666,2,multiplicative,mul64
better-mphf-auto,build,1024,0.000000,1,2,0.026870,12901796495910421529,12401290971536666666,2,multiplicative,mul64
better-mphf-auto,build,1024,0.000000,1,3,0.026850,12901796495910421529,12401290971536666666,2,multiplicative,mul64
better-mphf-auto,build,1024,0.000000,1,4,0.026880,12901796495910421529,12401290971536666666,2,multiplicative,mul64
better-mphf-auto,build,1024,0.000000,1,5,0.026870,12901796495910421529,12401290971536666666,2,multiplicative,mul64
better-mphf-auto,build,1024,0.000000,1,6,0.026910,12901796495910421529,12401290971536666666,2,multiplicative,mul64
better-mphf-auto,lookup,1024,0.000000,1,0,0.021110,12901796495910421529,12401290971536666666,2,multiplicative,mul64
better-mphf-auto,lookup,1024,0.000000,1,1,0.020120,12901796495910421529,12401290971536666666,2,multiplicative,mul64
better-mphf-auto,lookup,1024,0.000000,1,2,0.012720,12901796495910421529,12401290971536666666,2,multiplicative,mul64
better-mphf-auto,lookup,1024,0.000000,1,3,0.012120,12901796495910421529,12401290971536666666,2,multiplicative,mul64
better-mphf-auto,lookup,1024,0.000000,1,4,0.012070,12901796495910421529,12401290971536666666,2,multiplicative,mul64
better-mphf-auto,build,2048,0.000000,1,0,0.022540,12901796495910421529,12401290971536666666,2,multiplicative,mul64
better-mphf-auto,build,2048,0.000000,1,1,0.024690,12901796495910421529,12401290971536666666,2,multiplicative,mul64
better-mphf-auto,build,2048,0.000000,1,2,0.016440,12901796495910421529,12401290971536666666,2,multiplicative,mul64
better-mphf-auto,build,2048,0.000000,1,3,0.018320,12901796495910421529,12401290971536666666,2,multiplicative,mul64
better-mphf-auto,build,2048,0.000000,1,4,0.016340,12901796495910421529,12401290971536666666,2,multiplicative,mul64
better-mphf-auto,build,2048,0.000000,1,5,0.016330,12901796495910421529,12401290971536666666,2,multiplicative,mul64
better-mphf-auto,build,2048,0.000000,1,6,0.016340,12901796495910421529,12401290971536666666,2,multiplicative,mul64
better-mphf-auto,lookup,2048,0.000000,1,0,0.042170,12901796495910421529,12401290971536666666,2,multiplicative,mul64
better-mphf-auto,lookup,2048,0.000000,1,1,0.037850,12901796495910421529,12401290971536666666,2,multiplicative,mul64
better-mphf-auto,lookup,2048,0.000000,1,2,0.024960,12901796495910421529,12401290971536666666,2,multiplicative,mul64
better-mphf-auto,lookup,2048,0.000000,1,3,0.024120,12901796495910421529,12401290971536666666,2,multiplicative,mul64
better-mphf-auto,lookup,2048,0.000000,1,4,0.024080,12901796495910421529,12401290971536666666,2,multiplicative,mul64
better-mphf-auto,build,4096,0.000000,1,0,0.041340,12901796495910421529,12401290971536666666,2,multiplicative,mul64
better-mphf-auto,build,4096,0.000000,1,1,0.042120,12901796495910421529,12401290971536666666,2,multiplicative,mul64
better-mphf-auto,build,4096,0.000000,1,2,0.041970,12901796495910421529,12401290971536666666,2,multiplicative,mul64
better-mphf-auto,build,4096,0.000000,1,3,0.041940,12901796495910421529,12401290971536666666,2,multiplicative,mul64
better-mphf-auto,build,4096,0.000000,1,4,0.042120,12901796495910421529,12401290971536666666,2,multiplicative,mul64
better-mphf-auto,build,4096,0.000000,1,5,0.048600,12901796495910421529,12401290971536666666,2,multiplicative,mul64
better-mphf-auto,build,4096,0.000000,1,6,0.039950,12901796495910421529,12401290971536666666,2,multiplicative,mul64
better-mphf-auto,lookup,4096,0.000000,1,0,0.084400,12901796495910421529,12401290971536666666,2,multiplicative,mul64
better-mphf-auto,lookup,4096,0.000000,1,1,0.078380,12901796495910421529,12401290971536666666,2,multiplicative,mul64
better-mphf-auto,lookup,4096,0.000000,1,2,0.052840,12901796495910421529,12401290971536666666,2,multiplicative,mul64
better-mphf-auto,lookup,4096,0.000000,1,3,0.048580,12901796495910421529,12401290971536666666,2,multiplicative,mul64
better-mphf-auto,lookup,4096,0.000000,1,4,0.048390,12901796495910421529,12401290971536666666,2,multiplicative,mul64
better-mphf-auto,build,8192,0.000000,1,0,0.170190,12901796495910421529,12401290971536666666,2,multiplicative,mul64
better-mphf-auto,build,8192,0.000000,1,1,0.148140,12901796495910421529,12401290971536666666,2,multiplicative,mul64
better-mphf-auto,build,8192,0.000000,1,2,0.144700,12901796495910421529,12401290971536666666,2,multiplicative,mul64
better-mphf-auto,build,8192,0.000000,1,3,0.144450,12901796495910421529,12401290971536666666,2,multiplicative,mul64
better-mphf-auto,build,8192,0.000000,1,4,0.146600,12901796495910421529,12401290971536666666,2,multiplicative,mul64
better-mphf-auto,build,8192,0.000000,1,5,0.150150,12901796495910421529,12401290971536666666,2,multiplicative,mul64
better-mphf-auto,build,8192,0.000000,1,6,0.144580,12901796495910421529,12401290971536666666,2,multiplicative,mul64
better-mphf-auto,lookup,8192,0.000000,1,0,0.170290,12901796495910421529,12401290971536666666,2,multiplicative,mul64
better-mphf-auto,lookup,8192,0.000000,1,1,0.168850,12901796495910421529,12401290971536666666,2,multiplicative,mul64
better-mphf-auto,lookup,8192,0.000000,1,2,0.125390,12901796495910421529,12401290971536666666,2,multiplicative,mul64
better-mphf-auto,lookup,8192,0.000000,1,3,0.106960,12901796495910421529,12401290971536666666,2,multiplicative,mul64
better-mphf-auto,lookup,8192,0.000000,1,4,0.097790,12901796495910421529,12401290971536666666,2,multiplicative,mul64
better-mphf-auto,build,16384,0.000000,1,0,0.391800,12901796495910421529,12401290971536666666,2,multiplicative,mul64
better-mphf-auto,build,16384,0.000000,1,1,0.378050,12901796495910421529,12401290971536666666,2,multiplicative,mul64
better-mphf-auto,build,16384,0.000000,1,2,0.343900,12901796495910421529,12401290971536666666,2,multiplicative,mul64
better-mphf-auto,build,16384,0.000000,1,3,0.344900,12901796495910421529,12401290971536666666,2,multiplicative,mul64
better-mphf-auto,build,16384,0.000000,1,4,0.337340,12901796495910421529,12401290971536666666,2,multiplicative,mul64
better-mphf-auto,build,16384,0.000000,1,5,0.335800,12901796495910421529,12401290971536666666,2,multiplicative,mul64
better-mphf-auto,build,16384,0.000000,1,6,0.343090,12901796495910421529,12401290971536666666,2,multiplicative,mul64
better-mphf-auto,lookup,16384,0.000000,1,0,0.340110,12901796495910421529,12401290971536666666,2,multiplicative,mul64
better-mphf-auto,lookup,16384,0.000000,1,1,0.342630,12901796495910421529,12401290971536666666,2,multiplicative,mul64
better-mphf-auto,lookup,16384,0.000000,1,2,0.323350,12901796495910421529,12401290971536666666,2,multiplicative,mul64
better-mphf-auto,lookup,16384,0.000000,1,3,0.301110,12901796495910421529,12401290971536666666,2,multiplicative,mul64
better-mphf-auto,lookup,16384,0.000000,1,4,0.290080,12901796495910421529,12401290971536666666,2,multiplicative,mul64
better-mphf-auto,build,32768,0.000000,1,0,0.582180,12901796495910421529,12401290971536666666,2,multiplicative,mul64
better-mphf-auto,build,32768,0.000000,1,1,0.533900,12901796495910421529,12401290971536666666,2,multiplicative,mul64
better-mphf-auto,build,32768,0.000000,1,2,0.503590,12901796495910421529,12401290971536666666,2,multiplicative,mul64
better-mphf-auto,build,32768,0.000000,1,3,0.479970,12901796495910421529,12401290971536666666,2,multiplicative,mul64
better-mphf-auto,build,32768,0.000000,1,4,0.471160,12901796495910421529,12401290971536666666,2,multiplicative,mul64
better-mphf-auto,build,32768,0.000000,1,5,0.458751,12901796495910421529,12401290971536666666,2,multiplicative,mul64
better-mphf-auto,build,32768,0.000000,1,6,0.459180,12901796495910421529,12401290971536666666,2,multiplicative,mul64
better-mphf-auto,lookup,32768,0.000000,1,0,0.689609,12901796495910421529,12401290971536666666,2,multiplicative,mul64
better-mphf-auto,lookup,32768,0.000000,1,1,0.680620,12901796495910421529,12401290971536666666,2,multiplicative,mul64
better-mphf-auto,lookup,32768,0.000000,1,2,0.667510,12901796495910421529,12401290971536666666,2,multiplicative,mul64
better-mphf-auto,lookup,32768,0.000000,1,3,0.669770,12901796495910421529,12401290971536666666,2,multiplicative,mul64
better-mphf-auto,lookup,32768,0.000000,1,4,0.665470,12901796495910421529,12401290971536666666,2,multiplicative,mul64
better-mphf-auto,build,65536,0.000000,1,0,1.970860,12901796495910421529,12401290971536666666,2,multiplicative,mul64
better-mphf-auto,build,65536,0.000000,1,1,1.970220,12901796495910421529,12401290971536666666,2,multiplicative,mul64
better-mphf-auto,build,65536,0.000000,1,2,1.964390,12901796495910421529,12401290971536666666,2,multiplicative,mul64
better-mphf-auto,build,65536,0.000000,1,3,1.960620,12901796495910421529,12401290971536666666,2,multiplicative,mul64
better-mphf-auto,build,65536,0.000000,1,4,1.962030,12901796495910421529,12401290971536666666,2,multiplicative,mul64
better-mphf-auto,build,65536,0.000000,1,5,1.965240,12901796495910421529,12401290971536666666,2,multiplicative,mul64
better-mphf-auto,build,65536,0.000000,1,6,1.958679,12901796495910421529,12401290971536666666,2,multiplicative,mul64
better-mphf-auto,lookup,65536,0.000000,1,0,1.477790,12901796495910421529,12401290971536666666,2,multiplicative,mul64
better-mphf-auto,lookup,65536,0.000000,1,1,1.477470,12901796495910421529,12401290971536666666,2,multiplicative,mul64
better-mphf-auto,lookup,65536,0.000000,1,2,1.469210,12901796495910421529,12401290971536666666,2,multiplicative,mul64
better-mphf-auto,lookup,65536,0.000000,1,3,1.469900,12901796495910421529,12401290971536666666,2,multiplicative,mul64
better-mphf-auto,lookup,65536,0.000000,1,4,1.466770,12901796495910421529,12401290971536666666,2,multiplicative,mul64
better-mphf-auto,build,131072,0.000000,1,0,1.505809,12901796495910421529,12401290971536666666,2,multiplicative,mul64
better-mphf-auto,build,131072,0.000000,1,1,1.483960,12901796495910421529,12401290971536666666,2,multiplicative,mul64
better-mphf-auto,build,131072,0.000000,1,2,1.496730,12901796495910421529,12401290971536666666,2,multiplicative,mul64
better-mphf-auto,build,131072,0.000000,1,3,1.504990,12901796495910421529,12401290971536666666,2,multiplicative,mul64
better-mphf-auto,build,131072,0.000000,1,4,1.494380,12901796495910421529,12401290971536666666,2,multiplicative,mul64
better-mphf-auto,build,131072,0.000000,1,5,1.505450,12901796495910421529,12401290971536666666,2,multiplicative,mul64
better-mphf-auto,build,131072,0.000000,1,6,1.496750,12901796495910421529,12401290971536666666,2,multiplicative,mul64
better-mphf-auto,lookup,131072,0.000000,1,0,2.939380,12901796495910421529,12401290971536666666,2,multiplicative,mul64
better-mphf-auto,lookup,131072,0.000000,1,1,2.935159,12901796495910421529,12401290971536666666,2,multiplicative,mul64
better-mphf-auto,lookup,131072,0.000000,1,2,2.929880,12901796495910421529,12401290971536666666,2,multiplicative,mul64
better-mphf-auto,lookup,131072,0.000000,1,3,2.930860,12901796495910421529,12401290971536666666,2,multiplicative,mul64
better-mphf-auto,lookup,131072,0.000000,1,4,2.936110,12901796495910421529,12401290971536666666,2,multiplicative,mul64
better-mphf-auto,build,262144,0.000000,1,0,3.438499,12901796495910421529,12401290971536666666,2,multiplicative,mul64
better-mphf-auto,build,262144,0.000000,1,1,3.454840,12901796495910421529,12401290971536666666,2,multiplicative,mul64
better-mphf-auto,build,262144,0.000000,1,2,3.445900,12901796495910421529,12401290971536666666,2,multiplicative,mul64
better-mphf-auto,build,262144,0.000000,1,3,3.452480,12901796495910421529,12401290971536666666,2,multiplicative,mul64
better-mphf-auto,build,262144,0.000000,1,4,3.452770,12901796495910421529,12401290971536666666,2,multiplicative,mul64
better-mphf-auto,build,262144,0.000000,1,5,3.451329,12901796495910421529,12401290971536666666,2,multiplicative,mul64
better-mphf-auto,build,262144,0.000000,1,6,3.442020,12901796495910421529,12401290971536666666,2,multiplicative,mul64
better-mphf-auto,lookup,262144,0.000000,1,0,6.041139,12901796495910421529,12401290971536666666,2,multiplicative,mul64
better-mphf-auto,lookup,262144,0.000000,1,1,6.038259,12901796495910421529,12401290971536666666,2,multiplicative,mul64
better-mphf-auto,lookup,262144,0.000000,1,2,6.029840,12901796495910421529,12401290971536666666,2,multiplicative,mul64
better-mphf-auto,lookup,262144,0.000000,1,3,6.028929,12901796495910421529,12401290971536666666,2,multiplicative,mul64
better-mphf-auto,lookup,262144,0.000000,1,4,6.032250,12901796495910421529,12401290971536666666,2,multiplicative,mul64
better-mphf-auto,build,524288,0.000000,1,0,6.879519,12901796495910421529,12401290971536666666,2,multiplicative,mul64
better-mphf-auto,build,524288,0.000000,1,1,6.997040,12901796495910421529,12401290971536666666,2,multiplicative,mul64
better-mphf-auto,build,524288,0.000000,1,2,6.894190,12901796495910421529,12401290971536666666,2,multiplicative,mul64
better-mphf-auto,build,524288,0.000000,1,3,6.872880,12901796495910421529,12401290971536666666,2,multiplicative,mul64
better-mphf-auto,build,524288,0.000000,1,4,6.920960,12901796495910421529,12401290971536666666,2,multiplicative,mul64
better-mphf-auto,build,524288,0.000000,1,5,6.903239,12901796495910421529,12401290971536666666,2,multiplicative,mul64
better-mphf-auto,build,524288,0.000000,1,6,6.888980,12901796495910421529,12401290971536666666,2,multiplicative,mul64
better-mphf-auto,lookup,524288,0.000000,1,0,12.512479,12901796495910421529,12401290971536666666,2,multiplicative,mul64
better-mphf-auto,lookup,524288,0.000000,1,1,12.535689,12901796495910421529,12401290971536666666,2,multiplicative,mul64
better-mphf-auto,lookup,524288,0.000000,1,2,12.557449,12901796495910421529,12401290971536666666,2,multiplicative,mul64
better-mphf-auto,lookup,524288,0.000000,1,3,12.502659,12901796495910421529,12401290971536666666,2,multiplicative,mul64
better-mphf-auto,lookup,524288,0.000000,1,4,12.503690,12901796495910421529,12401290971536666666,2,multiplicative,mul64
better-mphf-auto,build,1048576,0.000000,1,0,20.586979,12901796495910421529,12401290971536666666,2,multiplicative,mul64
better-mphf-auto,build,1048576,0.000000,1,1,20.879099,12901796495910421529,12401290971536666666,2,multiplicative,mul64
better-mphf-auto,build,1048576,0.000000,1,2,20.541078,12901796495910421529,12401290971536666666,2,multiplicative,mul64
better-mphf-auto,build,1048576,0.000000,1,3,20.670989,12901796495910421529,12401290971536666666,2,multiplicative,mul64
better-mphf-auto,build,1048576,0.000000,1,4,20.679609,12901796495910421529,12401290971536666666,2,multiplicative,mul64
better-mphf-auto,build,1048576,0.000000,1,5,21.304679,12901796495910421529,12401290971536666666,2,multiplicative,mul64
better-mphf-auto,build,1048576,0.000000,1,6,20.934428,12901796495910421529,12401290971536666666,2,multiplicative,mul64
better-mphf-auto,lookup,1048576,0.000000,1,0,28.867548,12901796495910421529,12401290971536666666,2,multiplicative,mul64
better-mphf-auto,lookup,1048576,0.000000,1,1,28.861338,12901796495910421529,12401290971536666666,2,multiplicative,mul64
better-mphf-auto,lookup,1048576,0.000000,1,2,28.871678,12901796495910421529,12401290971536666666,2,multiplicative,mul64
better-mphf-auto,lookup,1048576,0.000000,1,3,28.835938,12901796495910421529,12401290971536666666,2,multiplicative,mul64
better-mphf-auto,lookup,1048576,0.000000,1,4,28.834598,12901796495910421529,12401290971536666666,2,multiplicative,mul64
better-mphf-auto,build,2097152,0.000000,1,0,34.100298,12901796495910421529,12401290971536666666,2,multiplicative,mul64
better-mphf-auto,build,2097152,0.000000,1,1,32.183429,12901796495910421529,12401290971536666666,2,multiplicative,mul64
better-mphf-auto,build,2097152,0.000000,1,2,33.051088,12901796495910421529,12401290971536666666,2,multiplicative,mul64
better-mphf-auto,build,2097152,0.000000,1,3,34.516658,12901796495910421529,12401290971536666666,2,multiplicative,mul64
better-mphf-auto,build,2097152,0.000000,1,4,31.975958,12901796495910421529,12401290971536666666,2,multiplicative,mul64
better-mphf-auto,build,2097152,0.000000,1,5,32.023088,12901796495910421529,12401290971536666666,2,multiplicative,mul64
better-mphf-auto,build,2097152,0.000000,1,6,31.985288,12901796495910421529,12401290971536666666,2,multiplicative,mul64
better-mphf-auto,lookup,2097152,0.000000,1,0,67.734296,12901796495910421529,12401290971536666666,2,multiplicative,mul64
better-mphf-auto,lookup,2097152,0.000000,1,1,69.983496,12901796495910421529,12401290971536666666,2,multiplicative,mul64
better-mphf-auto,lookup,2097152,0.000000,1,2,74.825905,12901796495910421529,12401290971536666666,2,multiplicative,mul64
better-mphf-auto,lookup,2097152,0.000000,1,3,70.726896,12901796495910421529,12401290971536666666,2,multiplicative,mul64
better-mphf-auto,lookup,2097152,0.000000,1,4,66.933286,12901796495910421529,12401290971536666666,2,multiplicative,mul64
better-mphf-auto,build,512,0.000000,1,0,0.007080,5530664623608240940,2264626280218863376,3,multiplicative,mul64
better-mphf-auto,build,512,0.000000,1,1,0.006540,5530664623608240940,2264626280218863376,3,multiplicative,mul64
better-mphf-auto,build,512,0.000000,1,2,0.006400,5530664623608240940,2264626280218863376,3,multiplicative,mul64
better-mphf-auto,build,512,0.000000,1,3,0.006410,5530664623608240940,2264626280218863376,3,multiplicative,mul64
better-mphf-auto,build,512,0.000000,1,4,0.006410,5530664623608240940,2264626280218863376,3,multiplicative,mul64
better-mphf-auto,build,512,0.000000,1,5,0.006400,5530664623608240940,2264626280218863376,3,multiplicative,mul64
better-mphf-auto,build,512,0.000000,1,6,0.006370,5530664623608240940,2264626280218863376,3,multiplicative,mul64
better-mphf-auto,lookup,512,0.000000,1,0,0.010100,5530664623608240940,2264626280218863376,3,multiplicative,mul64
better-mphf-auto,lookup,512,0.000000,1,1,0.009630,5530664623608240940,2264626280218863376,3,multiplicative,mul64
better-mphf-auto,lookup,512,0.000000,1,2,0.006270,5530664623608240940,2264626280218863376,3,multiplicative,mul64
better-mphf-auto,lookup,512,0.000000,1,3,0.006150,5530664623608240940,2264626280218863376,3,multiplicative,mul64
better-mphf-auto,lookup,512,0.000000,1,4,0.006120,5530664623608240940,2264626280218863376,3,multiplicative,mul64
better-mphf-auto,build,1024,0.000000,1,0,0.008200,5530664623608240940,2264626280218863376,3,multiplicative,mul64
better-mphf-auto,build,1024,0.000000,1,1,0.007590,5530664623608240940,2264626280218863376,3,multiplicative,mul64
better-mphf-auto,build,1024,0.000000,1,2,0.007610,5530664623608240940,2264626280218863376,3,multiplicative,mul64
better-mphf-auto,build,1024,0.000000,1,3,0.007570,5530664623608240940,2264626280218863376,3,multiplicative,mul64
better-mphf-auto,build,1024,0.000000,1,4,0.007530,5530664623608240940,2264626280218863376,3,multiplicative,mul64
better-mphf-auto,build,1024,0.000000,1,5,0.007540,5530664623608240940,2264626280218863376,3,multiplicative,mul64
better-mphf-auto,build,1024,0.000000,1,6,0.007520,5530664623608240940,2264626280218863376,3,multiplicative,mul64
better-mphf-auto,lookup,1024,0.000000,1,0,0.020810,5530664623608240940,2264626280218863376,3,multiplicative,mul64
better-mphf-auto,lookup,1024,0.000000,1,1,0.018330,5530664623608240940,2264626280218863376,3,multiplicative,mul64
better-mphf-auto,lookup,1024,0.000000,1,2,0.012500,5530664623608240940,2264626280218863376,3,multiplicative,mul64
better-mphf-auto,lookup,1024,0.000000,1,3,0.012170,5530664623608240940,2264626280218863376,3,multiplicative,mul64
better-mphf-auto,lookup,1024,0.000000,1,4,0.012160,5530664623608240940,2264626280218863376,3,multiplicative,mul64
better-mphf-auto,build,2048,0.000000,1,0,0.015009,5530664623608240940,2264626280218863376,3,multiplicative,mul64
better-mphf-auto,build,2048,0.000000,1,1,0.013980,5530664623608240940,2264626280218863376,3,multiplicative,mul64
better-mphf-auto,build,2048,0.000000,1,2,0.013980,5530664623608240940,2264626280218863376,3,multiplicative,mul64
better-mphf-auto,build,2048,0.000000,1,3,0.015709,5530664623608240940,2264626280218863376,3,multiplicative,mul64
better-mphf-auto,build,2048,0.000000,1,4,0.014260,5530664623608240940,2264626280218863376,3,multiplicative,mul64
better-mphf-auto,build,2048,0.000000,1,5,0.014000,5530664623608240940,2264626280218863376,3,multiplicative,mul64
better-mphf-auto,build,2048,0.000000,1,6,0.014160,5530664623608240940,2264626280218863376,3,multiplicative,mul64
better-mphf-auto,lookup,2048,0.000000,1,0,0.041589,5530664623608240940,2264626280218863376,3,multiplicative,mul64
better-mphf-auto,lookup,2048,0.000000,1,1,0.040531,5530664623608240940,2264626280218863376,3,multiplicative,mul64
better-mphf-auto,lookup,2048,0.000000,1,2,0.025409,5530664623608240940,2264626280218863376,3,multiplicative,mul64
better-mphf-auto,lookup,2048,0.000000,1,3,0.024191,5530664623608240940,2264626280218863376,3,multiplicative,mul64
better-mphf-auto,lookup,2048,0.000000,1,4,0.024089,5530664623608240940,2264626280218863376,3,multiplicative,mul64
better-mphf-auto,build,4096,0.000000,1,0,0.100800,5530664623608240940,2264626280218863376,3,multiplicative,mul64
better-mphf-auto,build,4096,0.000000,1,1,0.098810,5530664623608240940,2264626280218863376,3,multiplicative,mul64
better-mphf-auto,build,4096,0.000000,1,2,0.098620,5530664623608240940,2264626280218863376,3,multiplicative,mul64
better-mphf-auto,build,4096,0.000000,1,3,0.098410,5530664623608240940,2264626280218863376,3,multiplicative,mul64
better-mphf-auto,build,4096,0.000000,1,4,0.100980,5530664623608240940,2264626280218863376,3,multiplicative,mul64
better-mphf-auto,build,4096,0.000000,1,5,0.098850,5530664623608240940,2264626280218863376,3,multiplicative,mul64
better-mphf-auto,build,4096,0.000000,1,6,0.098490,5530664623608240940,2264626280218863376,3,multiplicative,mul64
better-mphf-auto,lookup,4096,0.000000,1,0,0.084320,5530664623608240940,2264626280218863376,3,multiplicative,mul64
better-mphf-auto,lookup,4096,0.000000,1,1,0.088160,5530664623608240940,2264626280218863376,3,multiplicative,mul64
better-mphf-auto,lookup,4096,0.000000,1,2,0.054030,5530664623608240940,2264626280218863376,3,multiplicative,mul64
better-mphf-auto,lookup,4096,0.000000,1,3,0.049100,5530664623608240940,2264626280218863376,3,multiplicative,mul64
better-mphf-auto,lookup,4096,0.000000,1,4,0.048830,5530664623608240940,2264626280218863376,3,multiplicative,mul64
better-mphf-auto,build,8192,0.000000,1,0,0.090480,5530664623608240940,2264626280218863376,3,multiplicative,mul64
better-mphf-auto,build,8192,0.000000,1,1,0.080330,5530664623608240940,2264626280218863376,3,multiplicative,mul64
better-mphf-auto,build,8192,0.000000,1,2,0.080240,5530664623608240940,2264626280218863376,3,multiplicative,mul64
better-mphf-auto,build,8192,0.000000,1,3,0.079670,5530664623608240940,2264626280218863376,3,multiplicative,mul64
better-mphf-auto,build,8192,0.000000,1,4,0.082250,5530664623608240940,2264626280218863376,3,multiplicative,mul64
better-mphf-auto,build,8192,0.000000,1,5,0.080260,5530664623608240940,2264626280218863376,3,multiplicative,mul64
better-mphf-auto,build,8192,0.000000,1,6,0.079760,5530664623608240940,2264626280218863376,3,multiplicative,mul64
better-mphf-auto,lookup,8192,0.000000,1,0,0.169170,5530664623608240940,2264626280218863376,3,multiplicative,mul64
better-mphf-auto,lookup,8192,0.000000,1,1,0.174370,5530664623608240940,2264626280218863376,3,multiplicative,mul64
better-mphf-auto,lookup,8192,0.000000,1,2,0.123830,5530664623608240940,2264626280218863376,3,multiplicative,mul64
better-mphf-auto,lookup,8192,0.000000,1,3,0.101250,5530664623608240940,2264626280218863376,3,multiplicative,mul64
better-mphf-auto,lookup,8192,0.000000,1,4,0.097190,5530664623608240940,2264626280218863376,3,multiplicative,mul64
better-mphf-auto,build,16384,0.000000,1,0,0.156750,5530664623608240940,2264626280218863376,3,multiplicative,mul64
better-mphf-auto,build,16384,0.000000,1,1,0.140920,5530664623608240940,2264626280218863376,3,multiplicative,mul64
better-mphf-auto,build,16384,0.000000,1,2,0.138490,5530664623608240940,2264626280218863376,3,multiplicative,mul64
better-mphf-auto,build,16384,0.000000,1,3,0.138010,5530664623608240940,2264626280218863376,3,multiplicative,mul64
better-mphf-auto,build,16384,0.000000,1,4,0.138110,5530664623608240940,2264626280218863376,3,multiplicative,mul64
better-mphf-auto,build,16384,0.000000,1,5,0.143240,5530664623608240940,2264626280218863376,3,multiplicative,mul64
better-mphf-auto,build,16384,0.000000,1,6,0.138450,5530664623608240940,2264626280218863376,3,multiplicative,mul64
better-mphf-auto,lookup,16384,0.000000,1,0,0.335310,5530664623608240940,2264626280218863376,3,multiplicative,mul64
better-mphf-auto,lookup,16384,0.000000,1,1,0.338390,5530664623608240940,2264626280218863376,3,multiplicative,mul64
better-mphf-auto,lookup,16384,0.000000,1,2,0.318570,5530664623608240940,2264626280218863376,3,multiplicative,mul64
better-mphf-auto,lookup,16384,0.000000,1,3,0.297050,5530664623608240940,2264626280218863376,3,multiplicative,mul64
better-mphf-auto,lookup,16384,0.000000,1,4,0.277700,5530664623608240940,2264626280218863376,3,multiplicative,mul64
better-mphf-auto,build,32768,0.000000,1,0,0.482710,5530664623608240940,2264626280218863376,3,multiplicative,mul64
better-mphf-auto,build,32768,0.000000,1,1,0.440030,5530664623608240940,2264626280218863376,3,multiplicative,mul64
better-mphf-auto,build,32768,0.000000,1,2,0.416520,5530664623608240940,2264626280218863376,3,multiplicative,mul64
better-mphf-auto,build,32768,0.000000,1,3,0.399950,5530664623608240940,2264626280218863376,3,multiplicative,mul64
better-mphf-auto,build,32768,0.000000,1,4,0.390440,5530664623608240940,2264626280218863376,3,multiplicative,mul64
better-mphf-auto,build,32768,0.000000,1,5,0.394140,5530664623608240940,2264626280218863376,3,multiplicative,mul64
better-mphf-auto,build,32768,0.000000,1,6,0.388770,5530664623608240940,2264626280218863376,3,multiplicative,mul64
better-mphf-auto,lookup,32768,0.000000,1,0,0.686650,5530664623608240940,2264626280218863376,3,multiplicative,mul64
better-mphf-auto,lookup,32768,0.000000,1,1,0.688890,5530664623608240940,2264626280218863376,3,multiplicative,mul64
better-mphf-auto,lookup,32768,0.000000,1,2,0.682770,5530664623608240940,2264626280218863376,3,multiplicative,mul64
better-mphf-auto,lookup,32768,0.000000,1,3,0.670330,5530664623608240940,2264626280218863376,3,multiplicative,mul64
better-mphf-auto,lookup,32768,0.000000,1,4,0.672959,5530664623608240940,2264626280218863376,3,multiplicative,mul64
better-mphf-auto,build,65536,0.000000,1,0,1.482129,5530664623608240940,2264626280218863376,3,multiplicative,mul64
better-mphf-auto,build,65536,0.000000,1,1,1.480020,5530664623608240940,2264626280218863376,3,multiplicative,mul64
better-mphf-auto,build,65536,0.000000,1,2,1.460409,5530664623608240940,2264626280218863376,3,multiplicative,mul64
better-mphf-auto,build,65536,0.000000,1,3,1.463780,5530664623608240940,2264626280218863376,3,multiplicative,mul64
better-mphf-auto,build,65536,0.000000,1,4,1.462960,5530664623608240940,2264626280218863376,3,multiplicative,mul64
better-mphf-auto,build,65536,0.000000,1,5,1.457780,5530664623608240940,2264626280218863376,3,multiplicative,mul64
better-mphf-auto,build,65536,0.000000,1,6,1.435620,5530664623608240940,2264626280218863376,3,multiplicative,mul64
better-mphf-auto,lookup,65536,0.000000,1,0,1.421520,5530664623608240940,2264626280218863376,3,multiplicative,mul64
better-mphf-auto,lookup,65536,0.000000,1,1,1.409120,5530664623608240940,2264626280218863376,3,multiplicative,mul64
better-mphf-auto,lookup,65536,0.000000,1,2,1.410350,5530664623608240940,2264626280218863376,3,multiplicative,mul64
better-mphf-auto,lookup,65536,0.000000,1,3,1.405070,5530664623608240940,2264626280218863376,3,multiplicative,mul64
better-mphf-auto,lookup,65536,0.000000,1,4,1.411549,5530664623608240940,2264626280218863376,3,multiplicative,mul64
better-mphf-auto,build,131072,0.000000,1,0,3.617240,5530664623608240940,2264626280218863376,3,multiplicative,mul64
better-mphf-auto,build,131072,0.000000,1,1,3.636530,5530664623608240940,2264626280218863376,3,multiplicative,mul64
better-mphf-auto,build,131072,0.000000,1,2,3.620390,5530664623608240940,2264626280218863376,3,multiplicative,mul64
better-mphf-auto,build,131072,0.000000,1,3,3.607589,5530664623608240940,2264626280218863376,3,multiplicative,mul64
better-mphf-auto,build,131072,0.000000,1,4,3.599820,5530664623608240940,2264626280218863376,3,multiplicative,mul64
better-mphf-auto,build,131072,0.000000,1,5,3.615640,5530664623608240940,2264626280218863376,3,multiplicative,mul64
better-mphf-auto,build,131072,0.000000,1,6,3.604260,5530664623608240940,2264626280218863376,3,multiplicative,mul64
better-mphf-auto,lookup,131072,0.000000,1,0,3.024480,5530664623608240940,2264626280218863376,3,multiplicative,mul64
better-mphf-auto,lookup,131072,0.000000,1,1,3.014480,5530664623608240940,2264626280218863376,3,multiplicative,mul64
better-mphf-auto,lookup,131072,0.000000,1,2,3.010090,5530664623608240940,2264626280218863376,3,multiplicative,mul64
better-mphf-auto,lookup,131072,0.000000,1,3,3.014960,5530664623608240940,2264626280218863376,3,multiplicative,mul64
better-mphf-auto,lookup,131072,0.000000,1,4,3.025269,5530664623608240940,2264626280218863376,3,multiplicative,mul64
better-mphf-auto,build,262144,0.000000,1,0,4.303039,5530664623608240940,2264626280218863376,3,multiplicative,mul64
better-mphf-auto,build,262144,0.000000,1,1,4.292909,5530664623608240940,2264626280218863376,3,multiplicative,mul64
better-mphf-auto,build,262144,0.000000,1,2,4.300840,5530664623608240940,2264626280218863376,3,multiplicative,mul64
better-mphf-auto,build,262144,0.000000,1,3,4.309980,5530664623608240940,2264626280218863376,3,multiplicative,mul64
better-mphf-auto,build,262144,0.000000,1,4,4.298309,5530664623608240940,2264626280218863376,3,multiplicative,mul64
better-mphf-auto,build,262144,0.000000,1,5,4.296230,5530664623608240940,2264626280218863376,3,multiplicative,mul64
better-mphf-auto,build,262144,0.000000,1,6,4.318150,5530664623608240940,2264626280218863376,3,multiplicative,mul64
better-mphf-auto,lookup,262144,0.000000,1,0,6.002040,5530664623608240940,2264626280218863376,3,multiplicative,mul64
better-mphf-auto,lookup,262144,0.000000,1,1,6.010149,5530664623608240940,2264626280218863376,3,multiplicative,mul64
better-mphf-auto,lookup,262144,0.000000,1,2,6.005820,5530664623608240940,2264626280218863376,3,multiplicative,mul64
better-mphf-auto,lookup,262144,0.000000,1,3,6.413929,5530664623608240940,2264626280218863376,3,multiplicative,mul64
better-mphf-auto,lookup,262144,0.000000,1,4,6.005560,5530664623608240940,2264626280218863376,3,multiplicative,mul64
better-mphf-auto,build,524288,0.000000,1,0,9.709780,5530664623608240940,2264626280218863376,3,multiplicative,mul64
better-mphf-auto,build,524288,0.000000,1,1,9.789539,5530664623608240940,2264626280218863376,3,multiplicative,mul64
better-mphf-auto,build,524288,0.000000,1,2,9.675100,5530664623608240940,2264626280218863376,3,multiplicative,mul64
better-mphf-auto,build,524288,0.000000,1,3,9.693579,5530664623608240940,2264626280218863376,3,multiplicative,mul64
better-mphf-auto,build,524288,0.000000,1,4,9.702069,5530664623608240940,2264626280218863376,3,multiplicative,mul64
better-mphf-auto,build,524288,0.000000,1,5,9.957120,5530664623608240940,2264626280218863376,3,multiplicative,mul64
better-mphf-auto,build,524288,0.000000,1,6,9.715720,5530664623608240940,2264626280218863376,3,multiplicative,mul64
better-mphf-auto,lookup,524288,0.000000,1,0,12.495979,5530664623608240940,2264626280218863376,3,multiplicative,mul64
better-mphf-auto,lookup,524288,0.000000,1,1,12.462229,5530664623608240940,2264626280218863376,3,multiplicative,mul64
better-mphf-auto,lookup,524288,0.000000,1,2,12.456779,5530664623608240940,2264626280218863376,3,multiplicative,mul64
better-mphf-auto,lookup,524288,0.000000,1,3,12.462640,5530664623608240940,2264626280218863376,3,multiplicative,mul64
better-mphf-auto,lookup,524288,0.000000,1,4,12.473239,5530664623608240940,2264626280218863376,3,multiplicative,mul64
better-mphf-auto,build,1048576,0.000000,1,0,20.042359,5530664623608240940,2264626280218863376,3,multiplicative,mul64
better-mphf-auto,build,1048576,0.000000,1,1,20.203779,5530664623608240940,2264626280218863376,3,multiplicative,mul64
better-mphf-auto,build,1048576,0.000000,1,2,20.154289,5530664623608240940,2264626280218863376,3,multiplicative,mul64
better-mphf-auto,build,1048576,0.000000,1,3,20.168199,5530664623608240940,2264626280218863376,3,multiplicative,mul64
better-mphf-auto,build,1048576,0.000000,1,4,20.170638,5530664623608240940,2264626280218863376,3,multiplicative,mul64
better-mphf-auto,build,1048576,0.000000,1,5,20.291659,5530664623608240940,2264626280218863376,3,multiplicative,mul64
better-mphf-auto,build,1048576,0.000000,1,6,20.088319,5530664623608240940,2264626280218863376,3,multiplicative,mul64
better-mphf-auto,lookup,1048576,0.000000,1,0,28.635378,5530664623608240940,2264626280218863376,3,multiplicative,mul64
better-mphf-auto,lookup,1048576,0.000000,1,1,28.656489,5530664623608240940,2264626280218863376,3,multiplicative,mul64
better-mphf-auto,lookup,1048576,0.000000,1,2,28.673189,5530664623608240940,2264626280218863376,3,multiplicative,mul64
better-mphf-auto,lookup,1048576,0.000000,1,3,29.301558,5530664623608240940,2264626280218863376,3,multiplicative,mul64
better-mphf-auto,lookup,1048576,0.000000,1,4,29.692558,5530664623608240940,2264626280218863376,3,multiplicative,mul64
better-mphf-auto,build,2097152,0.000000,1,0,63.951596,5530664623608240940,2264626280218863376,3,multiplicative,mul64
better-mphf-auto,build,2097152,0.000000,1,1,63.484076,5530664623608240940,2264626280218863376,3,multiplicative,mul64
better-mphf-auto,build,2097152,0.000000,1,2,63.664546,5530664623608240940,2264626280218863376,3,multiplicative,mul64
better-mphf-auto,build,2097152,0.000000,1,3,64.343706,5530664623608240940,2264626280218863376,3,multiplicative,mul64
better-mphf-auto,build,2097152,0.000000,1,4,62.051337,5530664623608240940,2264626280218863376,3,multiplicative,mul64
better-mphf-auto,build,2097152,0.000000,1,5,62.608697,5530664623608240940,2264626280218863376,3,multiplicative,mul64
better-mphf-auto,build,2097152,0.000000,1,6,63.538376,5530664623608240940,2264626280218863376,3,multiplicative,mul64
better-mphf-auto,lookup,2097152,0.000000,1,0,72.103936,5530664623608240940,2264626280218863376,3,multiplicative,mul64
better-mphf-auto,lookup,2097152,0.000000,1,1,72.269765,5530664623608240940,2264626280218863376,3,multiplicative,mul64
better-mphf-auto,lookup,2097152,0.000000,1,2,65.948476,5530664623608240940,2264626280218863376,3,multiplicative,mul64
better-mphf-auto,lookup,2097152,0.000000,1,3,66.109045,5530664623608240940,2264626280218863376,3,multiplicative,mul64
better-mphf-auto,lookup,2097152,0.000000,1,4,66.111467,5530664623608240940,2264626280218863376,3,multiplicative,mul64
better-mphf-auto,build,512,0.000000,1,0,0.007240,1089038237705845058,7015790347438550755,4,multiplicative,mul64
better-mphf-auto,build,512,0.000000,1,1,0.006940,1089038237705845058,7015790347438550755,4,multiplicative,mul64
better-mphf-auto,build,512,0.000000,1,2,0.006860,1089038237705845058,7015790347438550755,4,multiplicative,mul64
better-mphf-auto,build,512,0.000000,1,3,0.006830,1089038237705845058,7015790347438550755,4,multiplicative,mul64
better-mphf-auto,build,512,0.000000,1,4,0.006860,1089038237705845058,7015790347438550755,4,multiplicative,mul64
better-mphf-auto,build,512,0.000000,1,5,0.006860,1089038237705845058,7015790347438550755,4,multiplicative,mul64
better-mphf-auto,build,512,0.000000,1,6,0.006850,1089038237705845058,7015790347438550755,4,multiplicative,mul64
better-mphf-auto,lookup,512,0.000000,1,0,0.010160,1089038237705845058,7015790347438550755,4,multiplicative,mul64
better-mphf-auto,lookup,512,0.000000,1,1,0.009780,1089038237705845058,7015790347438550755,4,multiplicative,mul64
better-mphf-auto,lookup,512,0.000000,1,2,0.006190,1089038237705845058,7015790347438550755,4,multiplicative,mul64
better-mphf-auto,lookup,512,0.000000,1,3,0.005990,1089038237705845058,7015790347438550755,4,multiplicative,mul64
better-mphf-auto,lookup,512,0.000000,1,4,0.005980,1089038237705845058,7015790347438550755,4,multiplicative,mul64
better-mphf-auto,build,1024,0.000000,1,0,0.015220,1089038237705845058,7015790347438550755,4,multiplicative,mul64
better-mphf-auto,build,1024,0.000000,1,1,0.014829,1089038237705845058,7015790347438550755,4,multiplicative,mul64
better-mphf-auto,build,1024,0.000000,1,2,0.014831,1089038237705845058,7015790347438550755,4,multiplicative,mul64
better-mphf-auto,build,1024,0.000000,1,3,0.014869,1089038237705845058,7015790347438550755,4,multiplicative,mul64
better-mphf-auto,build,1024,0.000000,1,4,0.014831,1089038237705845058,7015790347438550755,4,multiplicative,mul64
better-mphf-auto,build,1024,0.000000,1,5,0.014849,1089038237705845058,7015790347438550755,4,multiplicative,mul64
better-mphf-auto,build,1024,0.000000,1,6,0.014820,1089038237705845058,7015790347438550755,4,multiplicative,mul64
better-mphf-auto,lookup,1024,0.000000,1,0,0.020820,1089038237705845058,7015790347438550755,4,multiplicative,mul64
better-mphf-auto,lookup,1024,0.000000,1,1,0.020100,1089038237705845058,7015790347438550755,4,multiplicative,mul64
better-mphf-auto,lookup,1024,0.000000,1,2,0.012800,1089038237705845058,7015790347438550755,4,multiplicative,mul64
better-mphf-auto,lookup,1024,0.000000,1,3,0.012209,1089038237705845058,7015790347438550755,4,multiplicative,mul64
better-mphf-auto,lookup,1024,0.000000,1,4,0.012120,1089038237705845058,7015790347438550755,4,multiplicative,mul64
better-mphf-auto,build,2048,0.000000,1,0,0.015860,1089038237705845058,7015790347438550755,4,multiplicative,mul64
better-mphf-auto,build,2048,0.000000,1,1,0.015200,1089038237705845058,7015790347438550755,4,multiplicative,mul64
better-mphf-auto,build,2048,0.000000,1,2,0.015160,1089038237705845058,7015790347438550755,4,multiplicative,mul64
better-mphf-auto,build,2048,0.000000,1,3,0.017020,1089038237705845058,7015790347438550755,4,multiplicative,mul64
better-mphf-auto,build,2048,0.000000,1,4,0.014960,1089038237705845058,7015790347438550755,4,multiplicative,mul64
better-mphf-auto,build,2048,0.000000,1,5,0.015080,1089038237705845058,7015790347438550755,4,multiplicative,mul64
better-mphf-auto,build,2048,0.000000,1,6,0.015009,1089038237705845058,7015790347438550755,4,multiplicative,mul64
better-mphf-auto,lookup,2048,0.000000,1,0,0.041711,1089038237705845058,7015790347438550755,4,multiplicative,mul64
better-mphf-auto,lookup,2048,0.000000,1,1,0.040660,1089038237705845058,7015790347438550755,4,multiplicative,mul64
better-mphf-auto,lookup,2048,0.000000,1,2,0.032700,1089038237705845058,7015790347438550755,4,multiplicative,mul64
better-mphf-auto,lookup,2048,0.000000,1,3,0.024509,1089038237705845058,7015790347438550755,4,multiplicative,mul64
better-mphf-auto,lookup,2048,0.000000,1,4,0.024420,1089038237705845058,7015790347438550755,4,multiplicative,mul64
better-mphf-auto,build,4096,0.000000,1,0,0.033990,1089038237705845058,7015790347438550755,4,multiplicative,mul64
better-mphf-auto,build,4096,0.000000,1,1,0.034270,1089038237705845058,7015790347438550755,4,multiplicative,mul64
better-mphf-auto,build,4096,0.000000,1,2,0.034240,1089038237705845058,7015790347438550755,4,multiplicative,mul64
better-mphf-auto,build,4096,0.000000,1,3,0.034190,1089038237705845058,7015790347438550755,4,multiplicative,mul64
better-mphf-auto,build,4096,0.000000,1,4,0.034140,1089038237705845058,7015790347438550755,4,multiplicative,mul64
better-mphf-auto,build,4096,0.000000,1,5,0.031950,1089038237705845058,7015790347438550755,4,multiplicative,mul64
better-mphf-auto,build,4096,0.000000,1,6,0.032000,1089038237705845058,7015790347438550755,4,multiplicative,mul64
better-mphf-auto,lookup,4096,0.000000,1,0,0.083910,1089038237705845058,7015790347438550755,4,multiplicative,mul64
better-mphf-auto,lookup,4096,0.000000,1,1,0.082270,1089038237705845058,7015790347438550755,4,multiplicative,mul64
better-mphf-auto,lookup,4096,0.000000,1,2,0.053980,1089038237705845058,7015790347438550755,4,multiplicative,mul64
better-mphf-auto,lookup,4096,0.000000,1,3,0.048810,1089038237705845058,7015790347438550755,4,multiplicative,mul64
better-mphf-auto,lookup,4096,0.000000,1,4,0.048540,1089038237705845058,7015790347438550755,4,multiplicative,mul64
better-mphf-auto,build,8192,0.000000,1,0,0.065710,1089038237705845058,7015790347438550755,4,multiplicative,mul64
better-mphf-auto,build,8192,0.000000,1,1,0.069690,1089038237705845058,7015790347438550755,4,multiplicative,mul64
better-mphf-auto,build,8192,0.000000,1,2,0.061840,1089038237705845058,7015790347438550755,4,multiplicative,mul64
better-mphf-auto,build,8192,0.000000,1,3,0.061620,1089038237705845058,7015790347438550755,4,multiplicative,mul64
better-mphf-auto,build,8192,0.000000,1,4,0.064380,1089038237705845058,7015790347438550755,4,multiplicative,mul64
better-mphf-auto,build,8192,0.000000,1,5,0.061580,1089038237705845058,7015790347438550755,4,multiplicative,mul64
better-mphf-auto,build,8192,0.000000,1,6,0.061370,1089038237705845058,7015790347438550755,4,multiplicative,mul64
better-mphf-auto,lookup,8192,0.000000,1,0,0.169970,1089038237705845058,7015790347438550755,4,multiplicative,mul64
better-mphf-auto,lookup,8192,0.000000,1,1,0.163440,1089038237705845058,7015790347438550755,4,multiplicative,mul64
better-mphf-auto,lookup,8192,0.000000,1,2,0.120010,1089038237705845058,7015790347438550755,4,multiplicative,mul64
better-mphf-auto,lookup,8192,0.000000,1,3,0.106590,1089038237705845058,7015790347438550755,4,multiplicative,mul64
better-mphf-auto,lookup,8192,0.000000,1,4,0.097960,1089038237705845058,7015790347438550755,4,multiplicative,mul64
better-mphf-auto,build,16384,0.000000,1,0,0.354040,1089038237705845058,7015790347438550755,4,multiplicative,mul64
better-mphf-auto,build,16384,0.000000,1,1,0.340100,1089038237705845058,7015790347438550755,4,multiplicative,mul64
better-mphf-auto,build,16384,0.000000,1,2,0.344670,1089038237705845058,7015790347438550755,4,multiplicative,mul64
better-mphf-auto,build,16384,0.000000,1,3,0.336490,1089038237705845058,7015790347438550755,4,multiplicative,mul64
better-mphf-auto,build,16384,0.000000,1,4,0.337080,1089038237705845058,7015790347438550755,4,multiplicative,mul64
better-mphf-auto,build,16384,0.000000,1,5,0.342800,1089038237705845058,7015790347438550755,4,multiplicative,mul64
better-mphf-auto,build,16384,0.000000,1,6,0.337040,1089038237705845058,7015790347438550755,4,multiplicative,mul64
better-mphf-auto,lookup,16384,0.000000,1,0,0.345580,1089038237705845058,7015790347438550755,4,multiplicative,mul64
better-mphf-auto,lookup,16384,0.000000,1,1,0.337340,1089038237705845058,7015790347438550755,4,multiplicative,mul64
better-mphf-auto,lookup,16384,0.000000,1,2,0.324380,1089038237705845058,7015790347438550755,4,multiplicative,mul64
better-mphf-auto,lookup,16384,0.000000,1,3,0.307200,1089038237705845058,7015790347438550755,4,multiplicative,mul64
better-mphf-auto,lookup,16384,0.000000,1,4,0.284230,1089038237705845058,7015790347438550755,4,multiplicative,mul64
better-mphf-auto,build,32768,0.000000,1,0,0.429080,1089038237705845058,7015790347438550755,4,multiplicative,mul64
better-mphf-auto,build,32768,0.000000,1,1,0.397670,1089038237705845058,7015790347438550755,4,multiplicative,mul64
better-mphf-auto,build,32768,0.000000,1,2,0.363140,1089038237705845058,7015790347438550755,4,multiplicative,mul64
better-mphf-auto,build,32768,0.000000,1,3,0.349520,1089038237705845058,7015790347438550755,4,multiplicative,mul64
better-mphf-auto,build,32768,0.000000,1,4,0.345870,1089038237705845058,7015790347438550755,4,multiplicative,mul64
better-mphf-auto,build,32768,0.000000,1,5,0.339290,1089038237705845058,7015790347438550755,4,multiplicative,mul64
better-mphf-auto,build,32768,0.000000,1,6,0.337749,1089038237705845058,7015790347438550755,4,multiplicative,mul64
better-mphf-auto,lookup,32768,0.000000,1,0,0.693429,1089038237705845058,7015790347438550755,4,multiplicative,mul64
better-mphf-auto,lookup,32768,0.000000,1,1,0.683729,1089038237705845058,7015790347438550755,4,multiplicative,mul64
better-mphf-auto,lookup,32768,0.000000,1,2,0.682491,1089038237705845058,7015790347438550755,4,multiplicative,mul64
better-mphf-auto,lookup,32768,0.000000,1,3,0.675940,1089038237705845058,7015790347438550755,4,multiplicative,mul64
better-mphf-auto,lookup,32768,0.000000,1,4,0.668110,1089038237705845058,7015790347438550755,4,multiplicative,mul64
better-mphf-auto,build,65536,0.000000,1,0,1.188800,1089038237705845058,7015790347438550755,4,multiplicative,mul64
better-mphf-auto,build,65536,0.000000,1,1,1.180300,1089038237705845058,7015790347438550755,4,multiplicative,mul64
better-mphf-auto,build,65536,0.000000,1,2,1.153410,1089038237705845058,7015790347438550755,4,multiplicative,mul64
better-mphf-auto,build,65536,0.000000,1,3,1.153240,1089038237705845058,7015790347438550755,4,multiplicative,mul64
better-mphf-auto,build,65536,0.000000,1,4,1.143530,1089038237705845058,7015790347438550755,4,multiplicative,mul64
better-mphf-auto,build,65536,0.000000,1,5,1.145820,1089038237705845058,7015790347438550755,4,multiplicative,mul64
better-mphf-auto,build,65536,0.000000,1,6,1.141430,1089038237705845058,7015790347438550755,4,multiplicative,mul64
better-mphf-auto,lookup,65536,0.000000,1,0,1.469210,1089038237705845058,7015790347438550755,4,multiplicative,mul64
better-mphf-auto,lookup,65536,0.000000,1,1,1.462680,1089038237705845058,7015790347438550755,4,multiplicative,mul64
better-mphf-auto,lookup,65536,0.000000,1,2,1.465779,1089038237705845058,7015790347438550755,4,multiplicative,mul64
better-mphf-auto,lookup,65536,0.000000,1,3,1.455000,1089038237705845058,7015790347438550755,4,multiplicative,mul64
better-mphf-auto,lookup,65536,0.000000,1,4,1.453010,1089038237705845058,7015790347438550755,4,multiplicative,mul64
better-mphf-auto,build,131072,0.000000,1,0,1.820370,1089038237705845058,7015790347438550755,4,multiplicative,mul64
better-mphf-auto,build,131072,0.000000,1,1,1.801900,1089038237705845058,7015790347438550755,4,multiplicative,mul64
better-mphf-auto,build,131072,0.000000,1,2,1.802030,1089038237705845058,7015790347438550755,4,multiplicative,mul64
better-mphf-auto,build,131072,0.000000,1,3,1.811160,1089038237705845058,7015790347438550755,4,multiplicative,mul64
better-mphf-auto,build,131072,0.000000,1,4,1.814860,1089038237705845058,7015790347438550755,4,multiplicative,mul64
better-mphf-auto,build,131072,0.000000,1,5,1.789849,1089038237705845058,7015790347438550755,4,multiplicative,mul64
better-mphf-auto,build,131072,0.000000,1,6,1.804200,1089038237705845058,7015790347438550755,4,multiplicative,mul64
better-mphf-auto,lookup,131072,0.000000,1,0,2.984290,1089038237705845058,7015790347438550755,4,multiplicative,mul64
better-mphf-auto,lookup,131072,0.000000,1,1,2.987360,1089038237705845058,7015790347438550755,4,multiplicative,mul64
better-mphf-auto,lookup,131072,0.000000,1,2,2.978160,1089038237705845058,7015790347438550755,4,multiplicative,mul64
better-mphf-auto,lookup,131072,0.000000,1,3,2.975170,1089038237705845058,7015790347438550755,4,multiplicative,mul64
better-mphf-auto,lookup,131072,0.000000,1,4,2.975549,1089038237705845058,7015790347438550755,4,multiplicative,mul64
better-mphf-auto,build,262144,0.000000,1,0,3.419299,1089038237705845058,7015790347438550755,4,multiplicative,mul64
better-mphf-auto,build,262144,0.000000,1,1,3.425869,1089038237705845058,7015790347438550755,4,multiplicative,mul64
better-mphf-auto,build,262144,0.000000,1,2,3.425749,1089038237705845058,7015790347438550755,4,multiplicative,mul64
better-mphf-auto,build,262144,0.000000,1,3,3.433030,1089038237705845058,7015790347438550755,4,multiplicative,mul64
better-mphf-auto,build,262144,0.000000,1,4,3.427880,1089038237705845058,7015790347438550755,4,multiplicative,mul64
better-mphf-auto,build,262144,0.000000,1,5,3.429890,1089038237705845058,7015790347438550755,4,multiplicative,mul64
better-mphf-auto,build,262144,0.000000,1,6,3.415399,1089038237705845058,7015790347438550755,4,multiplicative,mul64
better-mphf-auto,lookup,262144,0.000000,1,0,6.016420,1089038237705845058,7015790347438550755,4,multiplicative,mul64
better-mphf-auto,lookup,262144,0.000000,1,1,6.000070,1089038237705845058,7015790347438550755,4,multiplicative,mul64
better-mphf-auto,lookup,262144,0.000000,1,2,5.995069,1089038237705845058,7015790347438550755,4,multiplicative,mul64
better-mphf-auto,lookup,262144,0.000000,1,3,6.002270,1089038237705845058,7015790347438550755,4,multiplicative,mul64
better-mphf-auto,lookup,262144,0.000000,1,4,5.999099,1089038237705845058,7015790347438550755,4,multiplicative,mul64
better-mphf-auto,build,524288,0.000000,1,0,7.388049,1089038237705845058,7015790347438550755,4,multiplicative,mul64
better-mphf-auto,build,524288,0.000000,1,1,7.511039,1089038237705845058,7015790347438550755,4,multiplicative,mul64
better-mphf-auto,build,524288,0.000000,1,2,7.417280,1089038237705845058,7015790347438550755,4,multiplicative,mul64
better-mphf-auto,build,524288,0.000000,1,3,7.426199,1089038237705845058,7015790347438550755,4,multiplicative,mul64
better-mphf-auto,build,524288,0.000000,1,4,7.432340,1089038237705845058,7015790347438550755,4,multiplicative,mul64
better-mphf-auto,build,524288,0.000000,1,5,7.379929,1089038237705845058,7015790347438550755,4,multiplicative,mul64
better-mphf-auto,build,524288,0.000000,1,6,7.423960,1089038237705845058,7015790347438550755,4,multiplicative,mul64
better-mphf-auto,lookup,524288,0.000000,1,0,12.895689,1089038237705845058,7015790347438550755,4,multiplicative,mul64
better-mphf-auto,lookup,524288,0.000000,1,1,12.581879,1089038237705845058,7015790347438550755,4,multiplicative,mul64
better-mphf-auto,lookup,524288,0.000000,1,2,12.564109,1089038237705845058,7015790347438550755,4,multiplicative,mul64
better-mphf-auto,lookup,524288,0.000000,1,3,12.571700,1089038237705845058,7015790347438550755,4,multiplicative,mul64
better-mphf-auto,lookup,524288,0.000000,1,4,12.552369,1089038237705845058,7015790347438550755,4,multiplicative,mul64
better-mphf-auto,build,1048576,0.000000,1,0,15.839899,1089038237705845058,7015790347438550755,4,multiplicative,mul64
better-mphf-auto,build,1048576,0.000000,1,1,16.257299,1089038237705845058,7015790347438550755,4,multiplicative,mul64
better-mphf-auto,build,1048576,0.000000,1,2,15.813199,1089038237705845058,7015790347438550755,4,multiplicative,mul64
better-mphf-auto,build,1048576,0.000000,1,3,15.777329,1089038237705845058,7015790347438550755,4,multiplicative,mul64
better-mphf-auto,build,1048576,0.000000,1,4,15.811719,1089038237705845058,7015790347438550755,4,multiplicative,mul64
better-mphf-auto,build,1048576,0.000000,1,5,15.866799,1089038237705845058,7015790347438550755,4,multiplicative,mul64
better-mphf-auto,build,1048576,0.000000,1,6,15.771949,1089038237705845058,7015790347438550755,4,multiplicative,mul64
better-mphf-auto,lookup,1048576,0.000000,1,0,28.536119,1089038237705845058,7015790347438550755,4,multiplicative,mul64
better-mphf-auto,lookup,1048576,0.000000,1,1,28.544738,1089038237705845058,7015790347438550755,4,multiplicative,mul64
better-mphf-auto,lookup,1048576,0.000000,1,2,30.453838,1089038237705845058,7015790347438550755,4,multiplicative,mul64
better-mphf-auto,lookup,1048576,0.000000,1,3,28.584668,1089038237705845058,7015790347438550755,4,multiplicative,mul64
better-mphf-auto,lookup,1048576,0.000000,1,4,28.474588,1089038237705845058,7015790347438550755,4,multiplicative,mul64
better-mphf-auto,build,2097152,0.000000,1,0,31.729608,1089038237705845058,7015790347438550755,4,multiplicative,mul64
better-mphf-auto,build,2097152,0.000000,1,1,31.607708,1089038237705845058,7015790347438550755,4,multiplicative,mul64
better-mphf-auto,build,2097152,0.000000,1,2,32.279547,1089038237705845058,7015790347438550755,4,multiplicative,mul64
better-mphf-auto,build,2097152,0.000000,1,3,32.270267,1089038237705845058,7015790347438550755,4,multiplicative,mul64
better-mphf-auto,build,2097152,0.000000,1,4,31.955359,1089038237705845058,7015790347438550755,4,multiplicative,mul64
better-mphf-auto,build,2097152,0.000000,1,5,31.899208,1089038237705845058,7015790347438550755,4,multiplicative,mul64
better-mphf-auto,build,2097152,0.000000,1,6,31.904028,1089038237705845058,7015790347438550755,4,multiplicative,mul64
better-mphf-auto,lookup,2097152,0.000000,1,0,67.530466,1089038237705845058,7015790347438550755,4,multiplicative,mul64
better-mphf-auto,lookup,2097152,0.000000,1,1,66.317836,1089038237705845058,7015790347438550755,4,multiplicative,mul64
better-mphf-auto,lookup,2097152,0.000000,1,2,67.217886,1089038237705845058,7015790347438550755,4,multiplicative,mul64
better-mphf-auto,lookup,2097152,0.000000,1,3,68.390626,1089038237705845058,7015790347438550755,4,multiplicative,mul64
better-mphf-auto,lookup,2097152,0.000000,1,4,72.598446,1089038237705845058,7015790347438550755,4,multiplicative,mul64
better-mphf-auto,build,512,0.000000,1,0,0.006690,17452464845152596051,17876271046910744372,5,multiplicative,mul64
better-mphf-auto,build,512,0.000000,1,1,0.005980,17452464845152596051,17876271046910744372,5,multiplicative,mul64
better-mphf-auto,build,512,0.000000,1,2,0.005880,17452464845152596051,17876271046910744372,5,multiplicative,mul64
better-mphf-auto,build,512,0.000000,1,3,0.005870,17452464845152596051,17876271046910744372,5,multiplicative,mul64
better-mphf-auto,build,512,0.000000,1,4,0.005880,17452464845152596051,17876271046910744372,5,multiplicative,mul64
better-mphf-auto,build,512,0.000000,1,5,0.005880,17452464845152596051,17876271046910744372,5,multiplicative,mul64
better-mphf-auto,build,512,0.000000,1,6,0.005890,17452464845152596051,17876271046910744372,5,multiplicative,mul64
better-mphf-auto,lookup,512,0.000000,1,0,0.013930,17452464845152596051,17876271046910744372,5,multiplicative,mul64
better-mphf-auto,lookup,512,0.000000,1,1,0.013030,17452464845152596051,17876271046910744372,5,multiplicative,mul64
better-mphf-auto,lookup,512,0.000000,1,2,0.008310,17452464845152596051,17876271046910744372,5,multiplicative,mul64
better-mphf-auto,lookup,512,0.000000,1,3,0.008010,17452464845152596051,17876271046910744372,5,multiplicative,mul64
better-mphf-auto,lookup,512,0.000000,1,4,0.008010,17452464845152596051,17876271046910744372,5,multiplicative,mul64
better-mphf-auto,build,1024,0.000000,1,0,0.053390,17452464845152596051,17876271046910744372,5,multiplicative,mul64
better-mphf-auto,build,1024,0.000000,1,1,0.051630,17452464845152596051,17876271046910744372,5,multiplicative,mul64
better-mphf-auto,build,1024,0.000000,1,2,0.051620,17452464845152596051,17876271046910744372,5,multiplicative,mul64
better-mphf-auto,build,1024,0.000000,1,3,0.051410,17452464845152596051,17876271046910744372,5,multiplicative,mul64
better-mphf-auto,build,1024,0.000000,1,4,0.051630,17452464845152596051,17876271046910744372,5,multiplicative,mul64
better-mphf-auto,build,1024,0.000000,1,5,0.051520,17452464845152596051,17876271046910744372,5,multiplicative,mul64
better-mphf-auto,build,1024,0.000000,1,6,0.051500,17452464845152596051,17876271046910744372,5,multiplicative,mul64
better-mphf-auto,lookup,1024,0.000000,1,0,0.053920,17452464845152596051,17876271046910744372,5,multiplicative,mul64
better-mphf-auto,lookup,1024,0.000000,1,1,0.052660,17452464845152596051,17876271046910744372,5,multiplicative,mul64
better-mphf-auto,lookup,1024,0.000000,1,2,0.033120,17452464845152596051,17876271046910744372,5,multiplicative,mul64
better-mphf-auto,lookup,1024,0.000000,1,3,0.031000,17452464845152596051,17876271046910744372,5,multiplicative,mul64
better-mphf-auto,lookup,1024,0.000000,1,4,0.030910,17452464845152596051,17876271046910744372,5,multiplicative,mul64
better-mphf-auto,build,2048,0.000000,1,0,0.038050,17452464845152596051,17876271046910744372,5,multiplicative,mul64
better-mphf-auto,build,2048,0.000000,1,1,0.035670,17452464845152596051,17876271046910744372,5,multiplicative,mul64
better-mphf-auto,build,2048,0.000000,1,2,0.035490,17452464845152596051,17876271046910744372,5,multiplicative,mul64
better-mphf-auto,build,2048,0.000000,1,3,0.035320,17452464845152596051,17876271046910744372,5,multiplicative,mul64
better-mphf-auto,build,2048,0.000000,1,4,0.035340,17452464845152596051,17876271046910744372,5,multiplicative,mul64
better-mphf-auto,build,2048,0.000000,1,5,0.035430,17452464845152596051,17876271046910744372,5,multiplicative,mul64
better-mphf-auto,build,2048,0.000000,1,6,0.035330,17452464845152596051,17876271046910744372,5,multiplicative,mul64
better-mphf-auto,lookup,2048,0.000000,1,0,0.103570,17452464845152596051,17876271046910744372,5,multiplicative,mul64
better-mphf-auto,lookup,2048,0.000000,1,1,0.101570,17452464845152596051,17876271046910744372,5,multiplicative,mul64
better-mphf-auto,lookup,2048,0.000000,1,2,0.063300,17452464845152596051,17876271046910744372,5,multiplicative,mul64
better-mphf-auto,lookup,2048,0.000000,1,3,0.071380,17452464845152596051,17876271046910744372,5,multiplicative,mul64
better-mphf-auto,lookup,2048,0.000000,1,4,0.060220,17452464845152596051,17876271046910744372,5,multiplicative,mul64
better-mphf-auto,build,4096,0.000000,1,0,0.153950,17452464845152596051,17876271046910744372,5,multiplicative,mul64
better-mphf-auto,build,4096,0.000000,1,1,0.150810,17452464845152596051,17876271046910744372,5,multiplicative,mul64
better-mphf-auto,build,4096,0.000000,1,2,0.149140,17452464845152596051,17876271046910744372,5,multiplicative,mul64
better-mphf-auto,build,4096,0.000000,1,3,0.148960,17452464845152596051,17876271046910744372,5,multiplicative,mul64
better-mphf-auto,build,4096,0.000000,1,4,0.163840,17452464845152596051,17876271046910744372,5,multiplicative,mul64
better-mphf-auto,build,4096,0.000000,1,5,0.149140,17452464845152596051,17876271046910744372,5,multiplicative,mul64
better-mphf-auto,build,4096,0.000000,1,6,0.149060,17452464845152596051,17876271046910744372,5,multiplicative,mul64
better-mphf-auto,lookup,4096,0.000000,1,0,0.210930,17452464845152596051,17876271046910744372,5,multiplicative,mul64
better-mphf-auto,lookup,4096,0.000000,1,1,0.221800,17452464845152596051,17876271046910744372,5,multiplicative,mul64
better-mphf-auto,lookup,4096,0.000000,1,2,0.136810,17452464845152596051,17876271046910744372,5,multiplicative,mul64
better-mphf-auto,lookup,4096,0.000000,1,3,0.122410,17452464845152596051,17876271046910744372,5,multiplicative,mul64
better-mphf-auto,lookup,4096,0.000000,1,4,0.121570,17452464845152596051,17876271046910744372,5,multiplicative,mul64
better-mphf-auto,build,8192,0.000000,1,0,0.207629,17452464845152596051,17876271046910744372,5,multiplicative,mul64
better-mphf-auto,build,8192,0.000000,1,1,0.198571,17452464845152596051,17876271046910744372,5,multiplicative,mul64
better-mphf-auto,build,8192,0.000000,1,2,0.196789,17452464845152596051,17876271046910744372,5,multiplicative,mul64
better-mphf-auto,build,8192,0.000000,1,3,0.197531,17452464845152596051,17876271046910744372,5,multiplicative,mul64
better-mphf-auto,build,8192,0.000000,1,4,0.214900,17452464845152596051,17876271046910744372,5,multiplicative,mul64
better-mphf-auto,build,8192,0.000000,1,5,0.197740,17452464845152596051,17876271046910744372,5,multiplicative,mul64
better-mphf-auto,build,8192,0.000000,1,6,0.196420,17452464845152596051,17876271046910744372,5,multiplicative,mul64
better-mphf-auto,lookup,8192,0.000000,1,0,0.434740,17452464845152596051,17876271046910744372,5,multiplicative,mul64
better-mphf-auto,lookup,8192,0.000000,1,1,0.407300,17452464845152596051,17876271046910744372,5,multiplicative,mul64
better-mphf-auto,lookup,8192,0.000000,1,2,0.307729,17452464845152596051,17876271046910744372,5,multiplicative,mul64
better-mphf-auto,lookup,8192,0.000000,1,3,0.251331,17452464845152596051,17876271046910744372,5,multiplicative,mul64
better-mphf-auto,lookup,8192,0.000000,1,4,0.244449,17452464845152596051,17876271046910744372,5,multiplicative,mul64
better-mphf-auto,build,16384,0.000000,1,0,0.379880,17452464845152596051,17876271046910744372,5,multiplicative,mul64
better-mphf-auto,build,16384,0.000000,1,1,0.336990,17452464845152596051,17876271046910744372,5,multiplicative,mul64
better-mphf-auto,build,16384,0.000000,1,2,0.343930,17452464845152596051,17876271046910744372,5,multiplicative,mul64
better-mphf-auto,build,16384,0.000000,1,3,0.354430,17452464845152596051,17876271046910744372,5,multiplicative,mul64
better-mphf-auto,build,16384,0.000000,1,4,0.332300,17452464845152596051,17876271046910744372,5,multiplicative,mul64
better-mphf-auto,build,16384,0.000000,1,5,0.342920,17452464845152596051,17876271046910744372,5,multiplicative,mul64
better-mphf-auto,build,16384,0.000000,1,6,0.331150,17452464845152596051,17876271046910744372,5,multiplicative,mul64
better-mphf-auto,lookup,16384,0.000000,1,0,0.859550,17452464845152596051,17876271046910744372,5,multiplicative,mul64
better-mphf-auto,lookup,16384,0.000000,1,1,0.847170,17452464845152596051,17876271046910744372,5,multiplicative,mul64
better-mphf-auto,lookup,16384,0.000000,1,2,0.812200,17452464845152596051,17876271046910744372,5,multiplicative,mul64
better-mphf-auto,lookup,16384,0.000000,1,3,0.758030,17452464845152596051,17876271046910744372,5,multiplicative,mul64
better-mphf-auto,lookup,16384,0.000000,1,4,0.703570,17452464845152596051,17876271046910744372,5,multiplicative,mul64
better-mphf-auto,build,32768,0.000000,1,0,0.900440,17452464845152596051,17876271046910744372,5,multiplicative,mul64
better-mphf-auto,build,32768,0.000000,1,1,0.809631,17452464845152596051,17876271046910744372,5,multiplicative,mul64
better-mphf-auto,build,32768,0.000000,1,2,0.738771,17452464845152596051,17876271046910744372,5,multiplicative,mul64
better-mphf-auto,build,32768,0.000000,1,3,0.703140,17452464845152596051,17876271046910744372,5,multiplicative,mul64
better-mphf-auto,build,32768,0.000000,1,4,0.695460,17452464845152596051,17876271046910744372,5,multiplicative,mul64
better-mphf-auto,build,32768,0.000000,1,5,0.693910,17452464845152596051,17876271046910744372,5,multiplicative,mul64
better-mphf-auto,build,32768,0.000000,1,6,0.682240,17452464845152596051,17876271046910744372,5,multiplicative,mul64
better-mphf-auto,lookup,32768,0.000000,1,0,1.733550,17452464845152596051,17876271046910744372,5,multiplicative,mul64
better-mphf-auto,lookup,32768,0.000000,1,1,1.724800,17452464845152596051,17876271046910744372,5,multiplicative,mul64
better-mphf-auto,lookup,32768,0.000000,1,2,1.704920,17452464845152596051,17876271046910744372,5,multiplicative,mul64
better-mphf-auto,lookup,32768,0.000000,1,3,1.683690,17452464845152596051,17876271046910744372,5,multiplicative,mul64
better-mphf-auto,lookup,32768,0.000000,1,4,1.682070,17452464845152596051,17876271046910744372,5,multiplicative,mul64
better-mphf-auto,build,65536,0.000000,1,0,3.271700,17452464845152596051,17876271046910744372,5,multiplicative,mul64
better-mphf-auto,build,65536,0.000000,1,1,3.226370,17452464845152596051,17876271046910744372,5,multiplicative,mul64
better-mphf-auto,build,65536,0.000000,1,2,3.224440,17452464845152596051,17876271046910744372,5,multiplicative,mul64
better-mphf-auto,build,65536,0.000000,1,3,3.324360,17452464845152596051,17876271046910744372,5,multiplicative,mul64
better-mphf-auto,build,65536,0.000000,1,4,3.285190,17452464845152596051,17876271046910744372,5,multiplicative,mul64
better-mphf-auto,build,65536,0.000000,1,5,3.274050,17452464845152596051,17876271046910744372,5,multiplicative,mul64
better-mphf-auto,build,65536,0.000000,1,6,3.241070,17452464845152596051,17876271046910744372,5,multiplicative,mul64
better-mphf-auto,lookup,65536,0.000000,1,0,3.534929,17452464845152596051,17876271046910744372,5,multiplicative,mul64
better-mphf-auto,lookup,65536,0.000000,1,1,3.535619,17452464845152596051,17876271046910744372,5,multiplicative,mul64
better-mphf-auto,lookup,65536,0.000000,1,2,3.436170,17452464845152596051,17876271046910744372,5,multiplicative,mul64
better-mphf-auto,lookup,65536,0.000000,1,3,3.150680,17452464845152596051,17876271046910744372,5,multiplicative,mul64
better-mphf-auto,lookup,65536,0.000000,1,4,3.161470,17452464845152596051,17876271046910744372,5,multiplicative,mul64
better-mphf-auto,build,131072,0.000000,1,0,4.408520,17452464845152596051,17876271046910744372,5,multiplicative,mul64
better-mphf-auto,build,131072,0.000000,1,1,4.405279,17452464845152596051,17876271046910744372,5,multiplicative,mul64
better-mphf-auto,build,131072,0.000000,1,2,4.407490,17452464845152596051,17876271046910744372,5,multiplicative,mul64
better-mphf-auto,build,131072,0.000000,1,3,4.386600,17452464845152596051,17876271046910744372,5,multiplicative,mul64
better-mphf-auto,build,131072,0.000000,1,4,4.395940,17452464845152596051,17876271046910744372,5,multiplicative,mul64
better-mphf-auto,build,131072,0.000000,1,5,4.406690,17452464845152596051,17876271046910744372,5,multiplicative,mul64
better-mphf-auto,build,131072,0.000000,1,6,4.382210,17452464845152596051,17876271046910744372,5,multiplicative,mul64
better-mphf-auto,lookup,131072,0.000000,1,0,6.695109,17452464845152596051,17876271046910744372,5,multiplicative,mul64
better-mphf-auto,lookup,131072,0.000000,1,1,6.698470,17452464845152596051,17876271046910744372,5,multiplicative,mul64
better-mphf-auto,lookup,131072,0.000000,1,2,3.250820,17452464845152596051,17876271046910744372,5,multiplicative,mul64
better-mphf-auto,lookup,131072,0.000000,1,3,2.964440,17452464845152596051,17876271046910744372,5,multiplicative,mul64
better-mphf-auto,lookup,131072,0.000000,1,4,2.965229,17452464845152596051,17876271046910744372,5,multiplicative,mul64
better-mphf-auto,build,262144,0.000000,1,0,6.412720,17452464845152596051,17876271046910744372,5,multiplicative,mul64
better-mphf-auto,build,262144,0.000000,1,1,6.401090,17452464845152596051,17876271046910744372,5,multiplicative,mul64
better-mphf-auto,build,262144,0.000000,1,2,6.389299,17452464845152596051,17876271046910744372,5,multiplicative,mul64
better-mphf-auto,build,262144,0.000000,1,3,6.402110,17452464845152596051,17876271046910744372,5,multiplicative,mul64
better-mphf-auto,build,262144,0.000000,1,4,6.394070,17452464845152596051,17876271046910744372,5,multiplicative,mul64
better-mphf-auto,build,262144,0.000000,1,5,6.414219,17452464845152596051,17876271046910744372,5,multiplicative,mul64
better-mphf-auto,build,262144,0.000000,1,6,6.396100,17452464845152596051,17876271046910744372,5,multiplicative,mul64
better-mphf-auto,lookup,262144,0.000000,1,0,6.014750,17452464845152596051,17876271046910744372,5,multiplicative,mul64
better-mphf-auto,lookup,262144,0.000000,1,1,6.008150,17452464845152596051,17876271046910744372,5,multiplicative,mul64
better-mphf-auto,lookup,262144,0.000000,1,2,6.000840,17452464845152596051,17876271046910744372,5,multiplicative,mul64
better-mphf-auto,lookup,262144,0.000000,1,3,6.001409,17452464845152596051,17876271046910744372,5,multiplicative,mul64
better-mphf-auto,lookup,262144,0.000000,1,4,6.001230,17452464845152596051,17876271046910744372,5,multiplicative,mul64
better-mphf-auto,build,524288,0.000000,1,0,7.011030,17452464845152596051,17876271046910744372,5,multiplicative,mul64
better-mphf-auto,build,524288,0.000000,1,1,7.096780,17452464845152596051,17876271046910744372,5,multiplicative,mul64
better-mphf-auto,build,524288,0.000000,1,2,7.019209,17452464845152596051,17876271046910744372,5,multiplicative,mul64
better-mphf-auto,build,524288,0.000000,1,3,6.998700,17452464845152596051,17876271046910744372,5,multiplicative,mul64
better-mphf-auto,build,524288,0.000000,1,4,7.032719,17452464845152596051,17876271046910744372,5,multiplicative,mul64
better-mphf-auto,build,524288,0.000000,1,5,7.084949,17452464845152596051,17876271046910744372,5,multiplicative,mul64
better-mphf-auto,build,524288,0.000000,1,6,7.063200,17452464845152596051,17876271046910744372,5,multiplicative,mul64
better-mphf-auto,lookup,524288,0.000000,1,0,12.675219,17452464845152596051,17876271046910744372,5,multiplicative,mul64
better-mphf-auto,lookup,524288,0.000000,1,1,12.767519,17452464845152596051,17876271046910744372,5,multiplicative,mul64
better-mphf-auto,lookup,524288,0.000000,1,2,12.935109,17452464845152596051,17876271046910744372,5,multiplicative,mul64
better-mphf-auto,lookup,524288,0.000000,1,3,12.743839,17452464845152596051,17876271046910744372,5,multiplicative,mul64
better-mphf-auto,lookup,524288,0.000000,1,4,12.658309,17452464845152596051,17876271046910744372,5,multiplicative,mul64
better-mphf-auto,build,1048576,0.000000,1,0,26.267699,17452464845152596051,17876271046910744372,5,multiplicative,mul64
better-mphf-auto,build,1048576,0.000000,1,1,26.313278,17452464845152596051,17876271046910744372,5,multiplicative,mul64
better-mphf-auto,build,1048576,0.000000,1,2,26.147449,17452464845152596051,17876271046910744372,5,multiplicative,mul64
better-mphf-auto,build,1048576,0.000000,1,3,26.320218,17452464845152596051,17876271046910744372,5,multiplicative,mul64
better-mphf-auto,build,1048576,0.000000,1,4,26.220119,17452464845152596051,17876271046910744372,5,multiplicative,mul64
better-mphf-auto,build,1048576,0.000000,1,5,26.417848,17452464845152596051,17876271046910744372,5,multiplicative,mul64
better-mphf-auto,build,1048576,0.000000,1,6,26.507959,17452464845152596051,17876271046910744372,5,multiplicative,mul64
better-mphf-auto,lookup,1048576,0.000000,1,0,28.854128,17452464845152596051,17876271046910744372,5,multiplicative,mul64
better-mphf-auto,lookup,1048576,0.000000,1,1,28.696048,17452464845152596051,17876271046910744372,5,multiplicative,mul64
better-mphf-auto,lookup,1048576,0.000000,1,2,28.687339,17452464845152596051,17876271046910744372,5,multiplicative,mul64
better-mphf-auto,lookup,1048576,0.000000,1,3,28.795178,17452464845152596051,17876271046910744372,5,multiplicative,mul64
better-mphf-auto,lookup,1048576,0.000000,1,4,30.340278,17452464845152596051,17876271046910744372,5,multiplicative,mul64
better-mphf-auto,build,2097152,0.000000,1,0,43.952608,17452464845152596051,17876271046910744372,5,multiplicative,mul64
better-mphf-auto,build,2097152,0.000000,1,1,43.696367,17452464845152596051,17876271046910744372,5,multiplicative,mul64
better-mphf-auto,build,2097152,0.000000,1,2,43.118918,17452464845152596051,17876271046910744372,5,multiplicative,mul64
better-mphf-auto,build,2097152,0.000000,1,3,43.296377,17452464845152596051,17876271046910744372,5,multiplicative,mul64
better-mphf-auto,build,2097152,0.000000,1,4,43.380208,17452464845152596051,17876271046910744372,5,multiplicative,mul64
better-mphf-auto,build,2097152,0.000000,1,5,44.034658,17452464845152596051,17876271046910744372,5,multiplicative,mul64
better-mphf-auto,build,2097152,0.000000,1,6,43.283858,17452464845152596051,17876271046910744372,5,multiplicative,mul64
better-mphf-auto,lookup,2097152,0.000000,1,0,66.404976,17452464845152596051,17876271046910744372,5,multiplicative,mul64
better-mphf-auto,lookup,2097152,0.000000,1,1,67.487086,17452464845152596051,17876271046910744372,5,multiplicative,mul64
better-mphf-auto,lookup,2097152,0.000000,1,2,71.184825,17452464845152596051,17876271046910744372,5,multiplicative,mul64
better-mphf-auto,lookup,2097152,0.000000,1,3,74.833725,17452464845152596051,17876271046910744372,5,multiplicative,mul64
better-mphf-auto,lookup,2097152,0.000000,1,4,65.862596,17452464845152596051,17876271046910744372,5,multiplicative,mul64
better-mphf-auto,build,512,0.000000,1,0,0.005800,16516684943475082461,1853361749927424196,6,multiplicative,mul64
better-mphf-auto,build,512,0.000000,1,1,0.005410,16516684943475082461,1853361749927424196,6,multiplicative,mul64
better-mphf-auto,build,512,0.000000,1,2,0.005350,16516684943475082461,1853361749927424196,6,multiplicative,mul64
better-mphf-auto,build,512,0.000000,1,3,0.005310,16516684943475082461,1853361749927424196,6,multiplicative,mul64
better-mphf-auto,build,512,0.000000,1,4,0.005300,16516684943475082461,1853361749927424196,6,multiplicative,mul64
better-mphf-auto,build,512,0.000000,1,5,0.005290,16516684943475082461,1853361749927424196,6,multiplicative,mul64
better-mphf-auto,build,512,0.000000,1,6,0.005300,16516684943475082461,1853361749927424196,6,multiplicative,mul64
better-mphf-auto,lookup,512,0.000000,1,0,0.010530,16516684943475082461,1853361749927424196,6,multiplicative,mul64
better-mphf-auto,lookup,512,0.000000,1,1,0.010130,16516684943475082461,1853361749927424196,6,multiplicative,mul64
better-mphf-auto,lookup,512,0.000000,1,2,0.006540,16516684943475082461,1853361749927424196,6,multiplicative,mul64
better-mphf-auto,lookup,512,0.000000,1,3,0.006210,16516684943475082461,1853361749927424196,6,multiplicative,mul64
better-mphf-auto,lookup,512,0.000000,1,4,0.006160,16516684943475082461,1853361749927424196,6,multiplicative,mul64
better-mphf-auto,build,1024,0.000000,1,0,0.017560,16516684943475082461,1853361749927424196,6,multiplicative,mul64
better-mphf-auto,build,1024,0.000000,1,1,0.007990,16516684943475082461,1853361749927424196,6,multiplicative,mul64
better-mphf-auto,build,1024,0.000000,1,2,0.007930,16516684943475082461,1853361749927424196,6,multiplicative,mul64
better-mphf-auto,build,1024,0.000000,1,3,0.007910,16516684943475082461,1853361749927424196,6,multiplicative,mul64
better-mphf-auto,build,1024,0.000000,1,4,0.007870,16516684943475082461,1853361749927424196,6,multiplicative,mul64
better-mphf-auto,build,1024,0.000000,1,5,0.007880,16516684943475082461,1853361749927424196,6,multiplicative,mul64
better-mphf-auto,build,1024,0.000000,1,6,0.007880,16516684943475082461,1853361749927424196,6,multiplicative,mul64
better-mphf-auto,lookup,1024,0.000000,1,0,0.020580,16516684943475082461,1853361749927424196,6,multiplicative,mul64
better-mphf-auto,lookup,1024,0.000000,1,1,0.018120,16516684943475082461,1853361749927424196,6,multiplicative,mul64
better-mphf-auto,lookup,1024,0.000000,1,2,0.012290,16516684943475082461,1853361749927424196,6,multiplicative,mul64
better-mphf-auto,lookup,1024,0.000000,1,3,0.012030,16516684943475082461,1853361749927424196,6,multiplicative,mul64
better-mphf-auto,lookup,1024,0.000000,1,4,0.012030,16516684943475082461,1853361749927424196,6,multiplicative,mul64
better-mphf-auto,build,2048,0.000000,1,0,0.030960,16516684943475082461,1853361749927424196,6,multiplicative,mul64
better-mphf-auto,build,2048,0.000000,1,1,0.022590,16516684943475082461,1853361749927424196,6,multiplicative,mul64
better-mphf-auto,build,2048,0.000000,1,2,0.022440,16516684943475082461,1853361749927424196,6,multiplicative,mul64
better-mphf-auto,build,2048,0.000000,1,3,0.025120,16516684943475082461,1853361749927424196,6,multiplicative,mul64
better-mphf-auto,build,2048,0.000000,1,4,0.022480,16516684943475082461,1853361749927424196,6,multiplicative,mul64
better-mphf-auto,build,2048,0.000000,1,5,0.022600,16516684943475082461,1853361749927424196,6,multiplicative,mul64
better-mphf-auto,build,2048,0.000000,1,6,0.022480,16516684943475082461,1853361749927424196,6,multiplicative,mul64
better-mphf-auto,lookup,2048,0.000000,1,0,0.042170,16516684943475082461,1853361749927424196,6,multiplicative,mul64
better-mphf-auto,lookup,2048,0.000000,1,1,0.041010,16516684943475082461,1853361749927424196,6,multiplicative,mul64
better-mphf-auto,lookup,2048,0.000000,1,2,0.025940,16516684943475082461,1853361749927424196,6,multiplicative,mul64
better-mphf-auto,lookup,2048,0.000000,1,3,0.024230,16516684943475082461,1853361749927424196,6,multiplicative,mul64
better-mphf-auto,lookup,2048,0.000000,1,4,0.024120,16516684943475082461,1853361749927424196,6,multiplicative,mul64
better-mphf-auto,build,4096,0.000000,1,0,0.030970,16516684943475082461,1853361749927424196,6,multiplicative,mul64
better-mphf-auto,build,4096,0.000000,1,1,0.029200,16516684943475082461,1853361749927424196,6,multiplicative,mul64
better-mphf-auto,build,4096,0.000000,1,2,0.028740,16516684943475082461,1853361749927424196,6,multiplicative,mul64
better-mphf-auto,build,4096,0.000000,1,3,0.028760,16516684943475082461,1853361749927424196,6,multiplicative,mul64
better-mphf-auto,build,4096,0.000000,1,4,0.030420,16516684943475082461,1853361749927424196,6,multiplicative,mul64
better-mphf-auto,build,4096,0.000000,1,5,0.028560,16516684943475082461,1853361749927424196,6,multiplicative,mul64
better-mphf-auto,build,4096,0.000000,1,6,0.037280,16516684943475082461,1853361749927424196,6,multiplicative,mul64
better-mphf-auto,lookup,4096,0.000000,1,0,0.084410,16516684943475082461,1853361749927424196,6,multiplicative,mul64
better-mphf-auto,lookup,4096,0.000000,1,1,0.082320,16516684943475082461,1853361749927424196,6,multiplicative,mul64
better-mphf-auto,lookup,4096,0.000000,1,2,0.054360,16516684943475082461,1853361749927424196,6,multiplicative,mul64
better-mphf-auto,lookup,4096,0.000000,1,3,0.049280,16516684943475082461,1853361749927424196,6,multiplicative,mul64
better-mphf-auto,lookup,4096,0.000000,1,4,0.048920,16516684943475082461,1853361749927424196,6,multiplicative,mul64
better-mphf-auto,build,8192,0.000000,1,0,0.068320,16516684943475082461,1853361749927424196,6,multiplicative,mul64
better-mphf-auto,build,8192,0.000000,1,1,0.062480,16516684943475082461,1853361749927424196,6,multiplicative,mul64
better-mphf-auto,build,8192,0.000000,1,2,0.061740,16516684943475082461,1853361749927424196,6,multiplicative,mul64
better-mphf-auto,build,8192,0.000000,1,3,0.062030,16516684943475082461,1853361749927424196,6,multiplicative,mul64
better-mphf-auto,build,8192,0.000000,1,4,0.063880,16516684943475082461,1853361749927424196,6,multiplicative,mul64
better-mphf-auto,build,8192,0.000000,1,5,0.062450,16516684943475082461,1853361749927424196,6,multiplicative,mul64
better-mphf-auto,build,8192,0.000000,1,6,0.071550,16516684943475082461,1853361749927424196,6,multiplicative,mul64
better-mphf-auto,lookup,8192,0.000000,1,0,0.170300,16516684943475082461,1853361749927424196,6,multiplicative,mul64
better-mphf-auto,lookup,8192,0.000000,1,1,0.167800,16516684943475082461,1853361749927424196,6,multiplicative,mul64
better-mphf-auto,lookup,8192,0.000000,1,2,0.122740,16516684943475082461,1853361749927424196,6,multiplicative,mul64
better-mphf-auto,lookup,8192,0.000000,1,3,0.101390,16516684943475082461,1853361749927424196,6,multiplicative,mul64
better-mphf-auto,lookup,8192,0.000000,1,4,0.097770,16516684943475082461,1853361749927424196,6,multiplicative,mul64
better-mphf-auto,build,16384,0.000000,1,0,0.142020,16516684943475082461,1853361749927424196,6,multiplicative,mul64
better-mphf-auto,build,16384,0.000000,1,1,0.125910,16516684943475082461,1853361749927424196,6,multiplicative,mul64
better-mphf-auto,build,16384,0.000000,1,2,0.123300,16516684943475082461,1853361749927424196,6,multiplicative,mul64
better-mphf-auto,build,16384,0.000000,1,3,0.122510,16516684943475082461,1853361749927424196,6,multiplicative,mul64
better-mphf-auto,build,16384,0.000000,1,4,0.122260,16516684943475082461,1853361749927424196,6,multiplicative,mul64
better-mphf-auto,build,16384,0.000000,1,5,0.122590,16516684943475082461,1853361749927424196,6,multiplicative,mul64
better-mphf-auto,build,16384,0.000000,1,6,0.122330,16516684943475082461,1853361749927424196,6,multiplicative,mul64
better-mphf-auto,lookup,16384,0.000000,1,0,0.337140,16516684943475082461,1853361749927424196,6,multiplicative,mul64
better-mphf-auto,lookup,16384,0.000000,1,1,0.330110,16516684943475082461,1853361749927424196,6,multiplicative,mul64
better-mphf-auto,lookup,16384,0.000000,1,2,0.341680,16516684943475082461,1853361749927424196,6,multiplicative,mul64
better-mphf-auto,lookup,16384,0.000000,1,3,0.319730,16516684943475082461,1853361749927424196,6,multiplicative,mul64
better-mphf-auto,lookup,16384,0.000000,1,4,0.298040,16516684943475082461,1853361749927424196,6,multiplicative,mul64
better-mphf-auto,build,32768,0.000000,1,0,0.478210,16516684943475082461,1853361749927424196,6,multiplicative,mul64
better-mphf-auto,build,32768,0.000000,1,1,0.438380,16516684943475082461,1853361749927424196,6,multiplicative,mul64
better-mphf-auto,build,32768,0.000000,1,2,0.418600,16516684943475082461,1853361749927424196,6,multiplicative,mul64
better-mphf-auto,build,32768,0.000000,1,3,0.399930,16516684943475082461,1853361749927424196,6,multiplicative,mul64
better-mphf-auto,build,32768,0.000000,1,4,0.397750,16516684943475082461,1853361749927424196,6,multiplicative,mul64
better-mphf-auto,build,32768,0.000000,1,5,0.390670,16516684943475082461,1853361749927424196,6,multiplicative,mul64
better-mphf-auto,build,32768,0.000000,1,6,0.389530,16516684943475082461,1853361749927424196,6,multiplicative,mul64
better-mphf-auto,lookup,32768,0.000000,1,0,0.683910,16516684943475082461,1853361749927424196,6,multiplicative,mul64
better-mphf-auto,lookup,32768,0.000000,1,1,0.685970,16516684943475082461,1853361749927424196,6,multiplicative,mul64
better-mphf-auto,lookup,32768,0.000000,1,2,0.679060,16516684943475082461,1853361749927424196,6,multiplicative,mul64
better-mphf-auto,lookup,32768,0.000000,1,3,0.665970,16516684943475082461,1853361749927424196,6,multiplicative,mul64
better-mphf-auto,lookup,32768,0.000000,1,4,0.668130,16516684943475082461,1853361749927424196,6,multiplicative,mul64
better-mphf-auto,build,65536,0.000000,1,0,1.636720,16516684943475082461,1853361749927424196,6,multiplicative,mul64
better-mphf-auto,build,65536,0.000000,1,1,1.613899,16516684943475082461,1853361749927424196,6,multiplicative,mul64
better-mphf-auto,build,65536,0.000000,1,2,1.614960,16516684943475082461,1853361749927424196,6,multiplicative,mul64
better-mphf-auto,build,65536,0.000000,1,3,1.616119,16516684943475082461,1853361749927424196,6,multiplicative,mul64
better-mphf-auto,build,65536,0.000000,1,4,1.607340,16516684943475082461,1853361749927424196,6,multiplicative,mul64
better-mphf-auto,build,65536,0.000000,1,5,1.612500,16516684943475082461,1853361749927424196,6,multiplicative,mul64
better-mphf-auto,build,65536,0.000000,1,6,1.604450,16516684943475082461,1853361749927424196,6,multiplicative,mul64
better-mphf-auto,lookup,65536,0.000000,1,0,1.441330,16516684943475082461,1853361749927424196,6,multiplicative,mul64
better-mphf-auto,lookup,65536,0.000000,1,1,1.432550,16516684943475082461,1853361749927424196,6,multiplicative,mul64
better-mphf-auto,lookup,65536,0.000000,1,2,1.426210,16516684943475082461,1853361749927424196,6,multiplicative,mul64
better-mphf-auto,lookup,65536,0.000000,1,3,1.430470,16516684943475082461,1853361749927424196,6,multiplicative,mul64
better-mphf-auto,lookup,65536,0.000000,1,4,1.422860,16516684943475082461,1853361749927424196,6,multiplicative,mul64
better-mphf-auto,build,131072,0.000000,1,0,1.472620,16516684943475082461,1853361749927424196,6,multiplicative,mul64
better-mphf-auto,build,131072,0.000000,1,1,1.477670,16516684943475082461,1853361749927424196,6,multiplicative,mul64
better-mphf-auto,build,131072,0.000000,1,2,1.468680,16516684943475082461,1853361749927424196,6,multiplicative,mul64
better-mphf-auto,build,131072,0.000000,1,3,1.469970,16516684943475082461,1853361749927424196,6,multiplicative,mul64
better-mphf-auto,build,131072,0.000000,1,4,1.461140,16516684943475082461,1853361749927424196,6,multiplicative,mul64
better-mphf-auto,build,131072,0.000000,1,5,1.470080,16516684943475082461,1853361749927424196,6,multiplicative,mul64
better-mphf-auto,build,131072,0.000000,1,6,1.459060,16516684943475082461,1853361749927424196,6,multiplicative,mul64
better-mphf-auto,lookup,131072,0.000000,1,0,2.937649,16516684943475082461,1853361749927424196,6,multiplicative,mul64
better-mphf-auto,lookup,131072,0.000000,1,1,2.937871,16516684943475082461,1853361749927424196,6,multiplicative,mul64
better-mphf-auto,lookup,131072,0.000000,1,2,2.936149,16516684943475082461,1853361749927424196,6,multiplicative,mul64
better-mphf-auto,lookup,131072,0.000000,1,3,2.932870,16516684943475082461,1853361749927424196,6,multiplicative,mul64
better-mphf-auto,lookup,131072,0.000000,1,4,2.932120,16516684943475082461,1853361749927424196,6,multiplicative,mul64
better-mphf-auto,build,262144,0.000000,1,0,3.731730,16516684943475082461,1853361749927424196,6,multiplicative,mul64
better-mphf-auto,build,262144,0.000000,1,1,3.747470,16516684943475082461,1853361749927424196,6,multiplicative,mul64
better-mphf-auto,build,262144,0.000000,1,2,3.732130,16516684943475082461,1853361749927424196,6,multiplicative,mul64
better-mphf-auto,build,262144,0.000000,1,3,3.752580,16516684943475082461,1853361749927424196,6,multiplicative,mul64
better-mphf-auto,build,262144,0.000000,1,4,3.743730,16516684943475082461,1853361749927424196,6,multiplicative,mul64
better-mphf-auto,build,262144,0.000000,1,5,3.740510,16516684943475082461,1853361749927424196,6,multiplicative,mul64
better-mphf-auto,build,262144,0.000000,1,6,3.731090,16516684943475082461,1853361749927424196,6,multiplicative,mul64
better-mphf-auto,lookup,262144,0.000000,1,0,6.055479,16516684943475082461,1853361749927424196,6,multiplicative,mul64
better-mphf-auto,lookup,262144,0.000000,1,1,6.052010,16516684943475082461,1853361749927424196,6,multiplicative,mul64
better-mphf-auto,lookup,262144,0.000000,1,2,6.045559,16516684943475082461,1853361749927424196,6,multiplicative,mul64
better-mphf-auto,lookup,262144,0.000000,1,3,6.049740,16516684943475082461,1853361749927424196,6,multiplicative,mul64
better-mphf-auto,lookup,262144,0.000000,1,4,6.050800,16516684943475082461,1853361749927424196,6,multiplicative,mul64
better-mphf-auto,build,524288,0.000000,1,0,7.422570,16516684943475082461,1853361749927424196,6,multiplicative,mul64
better-mphf-auto,build,524288,0.000000,1,1,7.483019,16516684943475082461,1853361749927424196,6,multiplicative,mul64
better-mphf-auto,build,524288,0.000000,1,2,7.416520,16516684943475082461,1853361749927424196,6,multiplicative,mul64
better-mphf-auto,build,524288,0.000000,1,3,7.412889,16516684943475082461,1853361749927424196,6,multiplicative,mul64
better-mphf-auto,build,524288,0.000000,1,4,7.446600,16516684943475082461,1853361749927424196,6,multiplicative,mul64
better-mphf-auto,build,524288,0.000000,1,5,7.401800,16516684943475082461,1853361749927424196,6,multiplicative,mul64
better-mphf-auto,build,524288,0.000000,1,6,7.418129,16516684943475082461,1853361749927424196,6,multiplicative,mul64
better-mphf-auto,lookup,524288,0.000000,1,0,12.521579,16516684943475082461,1853361749927424196,6,multiplicative,mul64
better-mphf-auto,lookup,524288,0.000000,1,1,12.540589,16516684943475082461,1853361749927424196,6,multiplicative,mul64
better-mphf-auto,lookup,524288,0.000000,1,2,12.771179,16516684943475082461,1853361749927424196,6,multiplicative,mul64
better-mphf-auto,lookup,524288,0.000000,1,3,12.524009,16516684943475082461,1853361749927424196,6,multiplicative,mul64
better-mphf-auto,lookup,524288,0.000000,1,4,12.533919,16516684943475082461,1853361749927424196,6,multiplicative,mul64
better-mphf-auto,build,1048576,0.000000,1,0,26.561928,16516684943475082461,1853361749927424196,6,multiplicative,mul64
better-mphf-auto,build,1048576,0.000000,1,1,26.839739,16516684943475082461,1853361749927424196,6,multiplicative,mul64
better-mphf-auto,build,1048576,0.000000,1,2,26.624039,16516684943475082461,1853361749927424196,6,multiplicative,mul64
better-mphf-auto,build,1048576,0.000000,1,3,26.485468,16516684943475082461,1853361749927424196,6,multiplicative,mul64
better-mphf-auto,build,1048576,0.000000,1,4,26.602009,16516684943475082461,1853361749927424196,6,multiplicative,mul64
better-mphf-auto,build,1048576,0.000000,1,5,26.717478,16516684943475082461,1853361749927424196,6,multiplicative,mul64
better-mphf-auto,build,1048576,0.000000,1,6,26.495558,16516684943475082461,1853361749927424196,6,multiplicative,mul64
better-mphf-auto,lookup,1048576,0.000000,1,0,28.637098,16516684943475082461,1853361749927424196,6,multiplicative,mul64
better-mphf-auto,lookup,1048576,0.000000,1,1,28.745329,16516684943475082461,1853361749927424196,6,multiplicative,mul64
better-mphf-auto,lookup,1048576,0.000000,1,2,28.624288,16516684943475082461,1853361749927424196,6,multiplicative,mul64
better-mphf-auto,lookup,1048576,0.000000,1,3,30.110058,16516684943475082461,1853361749927424196,6,multiplicative,mul64
better-mphf-auto,lookup,1048576,0.000000,1,4,29.047978,16516684943475082461,1853361749927424196,6,multiplicative,mul64
better-mphf-auto,build,2097152,0.000000,1,0,35.591368,16516684943475082461,1853361749927424196,6,multiplicative,mul64
better-mphf-auto,build,2097152,0.000000,1,1,36.079988,16516684943475082461,1853361749927424196,6,multiplicative,mul64
better-mphf-auto,build,2097152,0.000000,1,2,35.937158,16516684943475082461,1853361749927424196,6,multiplicative,mul64
better-mphf-auto,build,2097152,0.000000,1,3,36.718768,16516684943475082461,1853361749927424196,6,multiplicative,mul64
better-mphf-auto,build,2097152,0.000000,1,4,37.025178,16516684943475082461,1853361749927424196,6,multiplicative,mul64
better-mphf-auto,build,2097152,0.000000,1,5,36.108969,16516684943475082461,1853361749927424196,6,multiplicative,mul64
better-mphf-auto,build,2097152,0.000000,1,6,36.890118,16516684943475082461,1853361749927424196,6,multiplicative,mul64
better-mphf-auto,lookup,2097152,0.000000,1,0,66.537086,16516684943475082461,1853361749927424196,6,multiplicative,mul64
better-mphf-auto,lookup,2097152,0.000000,1,1,67.528756,16516684943475082461,1853361749927424196,6,multiplicative,mul64
better-mphf-auto,lookup,2097152,0.000000,1,2,69.721406,16516684943475082461,1853361749927424196,6,multiplicative,mul64
better-mphf-auto,lookup,2097152,0.000000,1,3,73.976486,16516684943475082461,1853361749927424196,6,multiplicative,mul64
better-mphf-auto,lookup,2097152,0.000000,1,4,70.167065,16516684943475082461,1853361749927424196,6,multiplicative,mul64
better-mphf-auto,build,512,0.000000,1,0,0.006020,15891659241074909709,1153729718066873136,7,multiplicative,mul64
better-mphf-auto,build,512,0.000000,1,1,0.004630,15891659241074909709,1153729718066873136,7,multiplicative,mul64
better-mphf-auto,build,512,0.000000,1,2,0.004460,15891659241074909709,1153729718066873136,7,multiplicative,mul64
better-mphf-auto,build,512,0.000000,1,3,0.004430,15891659241074909709,1153729718066873136,7,multiplicative,mul64
better-mphf-auto,build,512,0.000000,1,4,0.004450,15891659241074909709,1153729718066873136,7,multiplicative,mul64
better-mphf-auto,build,512,0.000000,1,5,0.004450,15891659241074909709,1153729718066873136,7,multiplicative,mul64
better-mphf-auto,build,512,0.000000,1,6,0.004440,15891659241074909709,1153729718066873136,7,multiplicative,mul64
better-mphf-auto,lookup,512,0.000000,1,0,0.010350,15891659241074909709,1153729718066873136,7,multiplicative,mul64
better-mphf-auto,lookup,512,0.000000,1,1,0.010340,15891659241074909709,1153729718066873136,7,multiplicative,mul64
better-mphf-auto,lookup,512,0.000000,1,2,0.006320,15891659241074909709,1153729718066873136,7,multiplicative,mul64
better-mphf-auto,lookup,512,0.000000,1,3,0.006020,15891659241074909709,1153729718066873136,7,multiplicative,mul64
better-mphf-auto,lookup,512,0.000000,1,4,0.005970,15891659241074909709,1153729718066873136,7,multiplicative,mul64
better-mphf-auto,build,1024,0.000000,1,0,0.009510,15891659241074909709,1153729718066873136,7,multiplicative,mul64
better-mphf-auto,build,1024,0.000000,1,1,0.008800,15891659241074909709,1153729718066873136,7,multiplicative,mul64
better-mphf-auto,build,1024,0.000000,1,2,0.008740,15891659241074909709,1153729718066873136,7,multiplicative,mul64
better-mphf-auto,build,1024,0.000000,1,3,0.008720,15891659241074909709,1153729718066873136,7,multiplicative,mul64
better-mphf-auto,build,1024,0.000000,1,4,0.008740,15891659241074909709,1153729718066873136,7,multiplicative,mul64
better-mphf-auto,build,1024,0.000000,1,5,0.008740,15891659241074909709,1153729718066873136,7,multiplicative,mul64
better-mphf-auto,build,1024,0.000000,1,6,0.008740,15891659241074909709,1153729718066873136,7,multiplicative,mul64
better-mphf-auto,lookup,1024,0.000000,1,0,0.020450,15891659241074909709,1153729718066873136,7,multiplicative,mul64
better-mphf-auto,lookup,1024,0.000000,1,1,0.019840,15891659241074909709,1153729718066873136,7,multiplicative,mul64
better-mphf-auto,lookup,1024,0.000000,1,2,0.012680,15891659241074909709,1153729718066873136,7,multiplicative,mul64
better-mphf-auto,lookup,1024,0.000000,1,3,0.012130,15891659241074909709,1153729718066873136,7,multiplicative,mul64
better-mphf-auto,lookup,1024,0.000000,1,4,0.012060,15891659241074909709,1153729718066873136,7,multiplicative,mul64
better-mphf-auto,build,2048,0.000000,1,0,0.022300,15891659241074909709,1153729718066873136,7,multiplicative,mul64
better-mphf-auto,build,2048,0.000000,1,1,0.021820,15891659241074909709,1153729718066873136,7,multiplicative,mul64
better-mphf-auto,build,2048,0.000000,1,2,0.021711,15891659241074909709,1153729718066873136,7,multiplicative,mul64
better-mphf-auto,build,2048,0.000000,1,3,0.023660,15891659241074909709,1153729718066873136,7,multiplicative,mul64
better-mphf-auto,build,2048,0.000000,1,4,0.021600,15891659241074909709,1153729718066873136,7,multiplicative,mul64
better-mphf-auto,build,2048,0.000000,1,5,0.021711,15891659241074909709,1153729718066873136,7,multiplicative,mul64
better-mphf-auto,build,2048,0.000000,1,6,0.021729,15891659241074909709,1153729718066873136,7,multiplicative,mul64
better-mphf-auto,lookup,2048,0.000000,1,0,0.041209,15891659241074909709,1153729718066873136,7,multiplicative,mul64
better-mphf-auto,lookup,2048,0.000000,1,1,0.040009,15891659241074909709,1153729718066873136,7,multiplicative,mul64
better-mphf-auto,lookup,2048,0.000000,1,2,0.025210,15891659241074909709,1153729718066873136,7,multiplicative,mul64
better-mphf-auto,lookup,2048,0.000000,1,3,0.024120,15891659241074909709,1153729718066873136,7,multiplicative,mul64
better-mphf-auto,lookup,2048,0.000000,1,4,0.024030,15891659241074909709,1153729718066873136,7,multiplicative,mul64
better-mphf-auto,build,4096,0.000000,1,0,0.042731,15891659241074909709,1153729718066873136,7,multiplicative,mul64
better-mphf-auto,build,4096,0.000000,1,1,0.041120,15891659241074909709,1153729718066873136,7,multiplicative,mul64
better-mphf-auto,build,4096,0.000000,1,2,0.040729,15891659241074909709,1153729718066873136,7,multiplicative,mul64
better-mphf-auto,build,4096,0.000000,1,3,0.041040,15891659241074909709,1153729718066873136,7,multiplicative,mul64
better-mphf-auto,build,4096,0.000000,1,4,0.042809,15891659241074909709,1153729718066873136,7,multiplicative,mul64
better-mphf-auto,build,4096,0.000000,1,5,0.041311,15891659241074909709,1153729718066873136,7,multiplicative,mul64
better-mphf-auto,build,4096,0.000000,1,6,0.048840,15891659241074909709,1153729718066873136,7,multiplicative,mul64
better-mphf-auto,lookup,4096,0.000000,1,0,0.083769,15891659241074909709,1153729718066873136,7,multiplicative,mul64
better-mphf-auto,lookup,4096,0.000000,1,1,0.077500,15891659241074909709,1153729718066873136,7,multiplicative,mul64
better-mphf-auto,lookup,4096,0.000000,1,2,0.051689,15891659241074909709,1153729718066873136,7,multiplicative,mul64
better-mphf-auto,lookup,4096,0.000000,1,3,0.048311,15891659241074909709,1153729718066873136,7,multiplicative,mul64
better-mphf-auto,lookup,4096,0.000000,1,4,0.048151,15891659241074909709,1153729718066873136,7,multiplicative,mul64
better-mphf-auto,build,8192,0.000000,1,0,0.068951,15891659241074909709,1153729718066873136,7,multiplicative,mul64
better-mphf-auto,build,8192,0.000000,1,1,0.063180,15891659241074909709,1153729718066873136,7,multiplicative,mul64
better-mphf-auto,build,8192,0.000000,1,2,0.062689,15891659241074909709,1153729718066873136,7,multiplicative,mul64
better-mphf-auto,build,8192,0.000000,1,3,0.062511,15891659241074909709,1153729718066873136,7,multiplicative,mul64
better-mphf-auto,build,8192,0.000000,1,4,0.064440,15891659241074909709,1153729718066873136,7,multiplicative,mul64
better-mphf-auto,build,8192,0.000000,1,5,0.063240,15891659241074909709,1153729718066873136,7,multiplicative,mul64
better-mphf-auto,build,8192,0.000000,1,6,0.062829,15891659241074909709,1153729718066873136,7,multiplicative,mul64
better-mphf-auto,lookup,8192,0.000000,1,0,0.169729,15891659241074909709,1153729718066873136,7,multiplicative,mul64
better-mphf-auto,lookup,8192,0.000000,1,1,0.173251,15891659241074909709,1153729718066873136,7,multiplicative,mul64
better-mphf-auto,lookup,8192,0.000000,1,2,0.122820,15891659241074909709,1153729718066873136,7,multiplicative,mul64
better-mphf-auto,lookup,8192,0.000000,1,3,0.100889,15891659241074909709,1153729718066873136,7,multiplicative,mul64
better-mphf-auto,lookup,8192,0.000000,1,4,0.097171,15891659241074909709,1153729718066873136,7,multiplicative,mul64
better-mphf-auto,build,16384,0.000000,1,0,0.165990,15891659241074909709,1153729718066873136,7,multiplicative,mul64
better-mphf-auto,build,16384,0.000000,1,1,0.148040,15891659241074909709,1153729718066873136,7,multiplicative,mul64
better-mphf-auto,build,16384,0.000000,1,2,0.153831,15891659241074909709,1153729718066873136,7,multiplicative,mul64
better-mphf-auto,build,16384,0.000000,1,3,0.146129,15891659241074909709,1153729718066873136,7,multiplicative,mul64
better-mphf-auto,build,16384,0.000000,1,4,0.145080,15891659241074909709,1153729718066873136,7,multiplicative,mul64
better-mphf-auto,build,16384,0.000000,1,5,0.144600,15891659241074909709,1153729718066873136,7,multiplicative,mul64
better-mphf-auto,build,16384,0.000000,1,6,0.144460,15891659241074909709,1153729718066873136,7,multiplicative,mul64
better-mphf-auto,lookup,16384,0.000000,1,0,0.344571,15891659241074909709,1153729718066873136,7,multiplicative,mul64
better-mphf-auto,lookup,16384,0.000000,1,1,0.331451,15891659241074909709,1153729718066873136,7,multiplicative,mul64
better-mphf-auto,lookup,16384,0.000000,1,2,0.315309,15891659241074909709,1153729718066873136,7,multiplicative,mul64
better-mphf-auto,lookup,16384,0.000000,1,3,0.299140,15891659241074909709,1153729718066873136,7,multiplicative,mul64
better-mphf-auto,lookup,16384,0.000000,1,4,0.274400,15891659241074909709,1153729718066873136,7,multiplicative,mul64
better-mphf-auto,build,32768,0.000000,1,0,0.364529,15891659241074909709,1153729718066873136,7,multiplicative,mul64
better-mphf-auto,build,32768,0.000000,1,1,0.342160,15891659241074909709,1153729718066873136,7,multiplicative,mul64
better-mphf-auto,build,32768,0.000000,1,2,0.307069,15891659241074909709,1153729718066873136,7,multiplicative,mul64
better-mphf-auto,build,32768,0.000000,1,3,0.269540,15891659241074909709,1153729718066873136,7,multiplicative,mul64
better-mphf-auto,build,32768,0.000000,1,4,0.240440,15891659241074909709,1153729718066873136,7,multiplicative,mul64
better-mphf-auto,build,32768,0.000000,1,5,0.230891,15891659241074909709,1153729718066873136,7,multiplicative,mul64
better-mphf-auto,build,32768,0.000000,1,6,0.233800,15891659241074909709,1153729718066873136,7,multiplicative,mul64
better-mphf-auto,lookup,32768,0.000000,1,0,0.691790,15891659241074909709,1153729718066873136,7,multiplicative,mul64
better-mphf-auto,lookup,32768,0.000000,1,1,0.678480,15891659241074909709,1153729718066873136,7,multiplicative,mul64
better-mphf-auto,lookup,32768,0.000000,1,2,0.678390,15891659241074909709,1153729718066873136,7,multiplicative,mul64
better-mphf-auto,lookup,32768,0.000000,1,3,0.673330,15891659241074909709,1153729718066873136,7,multiplicative,mul64
better-mphf-auto,lookup,32768,0.000000,1,4,0.665380,15891659241074909709,1153729718066873136,7,multiplicative,mul64
better-mphf-auto,build,65536,0.000000,1,0,1.216760,15891659241074909709,1153729718066873136,7,multiplicative,mul64
better-mphf-auto,build,65536,0.000000,1,1,1.245770,15891659241074909709,1153729718066873136,7,multiplicative,mul64
better-mphf-auto,build,65536,0.000000,1,2,1.219850,15891659241074909709,1153729718066873136,7,multiplicative,mul64
better-mphf-auto,build,65536,0.000000,1,3,1.217100,15891659241074909709,1153729718066873136,7,multiplicative,mul64
better-mphf-auto,build,65536,0.000000,1,4,1.213170,15891659241074909709,1153729718066873136,7,multiplicative,mul64
better-mphf-auto,build,65536,0.000000,1,5,1.201090,15891659241074909709,1153729718066873136,7,multiplicative,mul64
better-mphf-auto,build,65536,0.000000,1,6,1.195899,15891659241074909709,1153729718066873136,7,multiplicative,mul64
better-mphf-auto,lookup,65536,0.000000,1,0,1.414900,15891659241074909709,1153729718066873136,7,multiplicative,mul64
better-mphf-auto,lookup,65536,0.000000,1,1,1.414399,15891659241074909709,1153729718066873136,7,multiplicative,mul64
better-mphf-auto,lookup,65536,0.000000,1,2,1.406810,15891659241074909709,1153729718066873136,7,multiplicative,mul64
better-mphf-auto,lookup,65536,0.000000,1,3,1.402890,15891659241074909709,1153729718066873136,7,multiplicative,mul64
better-mphf-auto,lookup,65536,0.000000,1,4,1.409280,15891659241074909709,1153729718066873136,7,multiplicative,mul64
better-mphf-auto,build,131072,0.000000,1,0,1.512720,15891659241074909709,1153729718066873136,7,multiplicative,mul64
better-mphf-auto,build,131072,0.000000,1,1,1.531420,15891659241074909709,1153729718066873136,7,multiplicative,mul64
better-mphf-auto,build,131072,0.000000,1,2,1.515680,15891659241074909709,1153729718066873136,7,multiplicative,mul64
better-mphf-auto,build,131072,0.000000,1,3,1.506460,15891659241074909709,1153729718066873136,7,multiplicative,mul64
better-mphf-auto,build,131072,0.000000,1,4,1.518960,15891659241074909709,1153729718066873136,7,multiplicative,mul64
better-mphf-auto,build,131072,0.000000,1,5,1.521189,15891659241074909709,1153729718066873136,7,multiplicative,mul64
better-mphf-auto,build,131072,0.000000,1,6,1.521020,15891659241074909709,1153729718066873136,7,multiplicative,mul64
better-mphf-auto,lookup,131072,0.000000,1,0,2.941370,15891659241074909709,1153729718066873136,7,multiplicative,mul64
better-mphf-auto,lookup,131072,0.000000,1,1,2.936220,15891659241074909709,1153729718066873136,7,multiplicative,mul64
better-mphf-auto,lookup,131072,0.000000,1,2,2.932710,15891659241074909709,1153729718066873136,7,multiplicative,mul64
better-mphf-auto,lookup,131072,0.000000,1,3,2.932600,15891659241074909709,1153729718066873136,7,multiplicative,mul64
better-mphf-auto,lookup,131072,0.000000,1,4,3.138260,15891659241074909709,1153729718066873136,7,multiplicative,mul64
better-mphf-auto,build,262144,0.000000,1,0,5.809040,15891659241074909709,1153729718066873136,7,multiplicative,mul64
better-mphf-auto,build,262144,0.000000,1,1,5.806890,15891659241074909709,1153729718066873136,7,multiplicative,mul64
better-mphf-auto,build,262144,0.000000,1,2,5.840529,15891659241074909709,1153729718066873136,7,multiplicative,mul64
better-mphf-auto,build,262144,0.000000,1,3,5.839480,15891659241074909709,1153729718066873136,7,multiplicative,mul64
better-mphf-auto,build,262144,0.000000,1,4,5.818170,15891659241074909709,1153729718066873136,7,multiplicative,mul64
better-mphf-auto,build,262144,0.000000,1,5,5.823719,15891659241074909709,1153729718066873136,7,multiplicative,mul64
better-mphf-auto,build,262144,0.000000,1,6,5.813510,15891659241074909709,1153729718066873136,7,multiplicative,mul64
better-mphf-auto,lookup,262144,0.000000,1,0,6.033960,15891659241074909709,1153729718066873136,7,multiplicative,mul64
better-mphf-auto,lookup,262144,0.000000,1,1,6.028240,15891659241074909709,1153729718066873136,7,multiplicative,mul64
better-mphf-auto,lookup,262144,0.000000,1,2,6.016899,15891659241074909709,1153729718066873136,7,multiplicative,mul64
better-mphf-auto,lookup,262144,0.000000,1,3,6.011870,15891659241074909709,1153729718066873136,7,multiplicative,mul64
better-mphf-auto,lookup,262144,0.000000,1,4,6.367850,15891659241074909709,1153729718066873136,7,multiplicative,mul64
better-mphf-auto,build,524288,0.000000,1,0,15.190299,15891659241074909709,1153729718066873136,7,multiplicative,mul64
better-mphf-auto,build,524288,0.000000,1,1,15.222900,15891659241074909709,1153729718066873136,7,multiplicative,mul64
better-mphf-auto,build,524288,0.000000,1,2,15.155959,15891659241074909709,1153729718066873136,7,multiplicative,mul64
better-mphf-auto,build,524288,0.000000,1,3,15.323769,15891659241074909709,1153729718066873136,7,multiplicative,mul64
better-mphf-auto,build,524288,0.000000,1,4,15.384839,15891659241074909709,1153729718066873136,7,multiplicative,mul64
better-mphf-auto,build,524288,0.000000,1,5,15.331939,15891659241074909709,1153729718066873136,7,multiplicative,mul64
better-mphf-auto,build,524288,0.000000,1,6,15.381529,15891659241074909709,1153729718066873136,7,multiplicative,mul64
better-mphf-auto,lookup,524288,0.000000,1,0,12.590490,15891659241074909709,1153729718066873136,7,multiplicative,mul64
better-mphf-auto,lookup,524288,0.000000,1,1,12.609759,15891659241074909709,1153729718066873136,7,multiplicative,mul64
better-mphf-auto,lookup,524288,0.000000,1,2,12.570929,15891659241074909709,1153729718066873136,7,multiplicative,mul64
better-mphf-auto,lookup,524288,0.000000,1,3,12.570049,15891659241074909709,1153729718066873136,7,multiplicative,mul64
better-mphf-auto,lookup,524288,0.000000,1,4,12.566160,15891659241074909709,1153729718066873136,7,multiplicative,mul64
better-mphf-auto,build,1048576,0.000000,1,0,18.310619,15891659241074909709,1153729718066873136,7,multiplicative,mul64
better-mphf-auto,build,1048576,0.000000,1,1,18.495809,15891659241074909709,1153729718066873136,7,multiplicative,mul64
better-mphf-auto,build,1048576,0.000000,1,2,18.286879,15891659241074909709,1153729718066873136,7,multiplicative,mul64
better-mphf-auto,build,1048576,0.000000,1,3,18.310229,15891659241074909709,1153729718066873136,7,multiplicative,mul64
better-mphf-auto,build,1048576,0.000000,1,4,18.343009,15891659241074909709,1153729718066873136,7,multiplicative,mul64
better-mphf-auto,build,1048576,0.000000,1,5,18.563498,15891659241074909709,1153729718066873136,7,multiplicative,mul64
better-mphf-auto,build,1048576,0.000000,1,6,18.470510,15891659241074909709,1153729718066873136,7,multiplicative,mul64
better-mphf-auto,lookup,1048576,0.000000,1,0,28.696059,15891659241074909709,1153729718066873136,7,multiplicative,mul64
better-mphf-auto,lookup,1048576,0.000000,1,1,28.638748,15891659241074909709,1153729718066873136,7,multiplicative,mul64
better-mphf-auto,lookup,1048576,0.000000,1,2,28.637018,15891659241074909709,1153729718066873136,7,multiplicative,mul64
better-mphf-auto,lookup,1048576,0.000000,1,3,28.665189,15891659241074909709,1153729718066873136,7,multiplicative,mul64
better-mphf-auto,lookup,1048576,0.000000,1,4,30.080958,15891659241074909709,1153729718066873136,7,multiplicative,mul64
better-mphf-auto,build,2097152,0.000000,1,0,39.851428,15891659241074909709,1153729718066873136,7,multiplicative,mul64
better-mphf-auto,build,2097152,0.000000,1,1,41.418457,15891659241074909709,1153729718066873136,7,multiplicative,mul64
better-mphf-auto,build,2097152,0.000000,1,2,41.423168,15891659241074909709,1153729718066873136,7,multiplicative,mul64
better-mphf-auto,build,2097152,0.000000,1,3,41.636637,15891659241074909709,1153729718066873136,7,multiplicative,mul64
better-mphf-auto,build,2097152,0.000000,1,4,41.457138,15891659241074909709,1153729718066873136,7,multiplicative,mul64
better-mphf-auto,build,2097152,0.000000,1,5,41.195317,15891659241074909709,1153729718066873136,7,multiplicative,mul64
better-mphf-auto,build,2097152,0.000000,1,6,42.202458,15891659241074909709,1153729718066873136,7,multiplicative,mul64
better-mphf-auto,lookup,2097152,0.000000,1,0,66.029607,15891659241074909709,1153729718066873136,7,multiplicative,mul64
better-mphf-auto,lookup,2097152,0.000000,1,1,67.034516,15891659241074909709,1153729718066873136,7,multiplicative,mul64
better-mphf-auto,lookup,2097152,0.000000,1,2,69.307036,15891659241074909709,1153729718066873136,7,multiplicative,mul64
better-mphf-auto,lookup,2097152,0.000000,1,3,73.032585,15891659241074909709,1153729718066873136,7,multiplicative,mul64
better-mphf-auto,lookup,2097152,0.000000,1,4,71.128976,15891659241074909709,1153729718066873136,7,multiplicative,mul64
better-mphf-auto,build,512,0.000000,1,0,0.008011,15822324353984026266,2237529514803446473,8,multiplicative,mul64
better-mphf-auto,build,512,0.000000,1,1,0.007500,15822324353984026266,2237529514803446473,8,multiplicative,mul64
better-mphf-auto,build,512,0.000000,1,2,0.007389,15822324353984026266,2237529514803446473,8,multiplicative,mul64
better-mphf-auto,build,512,0.000000,1,3,0.007411,15822324353984026266,2237529514803446473,8,multiplicative,mul64
better-mphf-auto,build,512,0.000000,1,4,0.007400,15822324353984026266,2237529514803446473,8,multiplicative,mul64
better-mphf-auto,build,512,0.000000,1,5,0.007400,15822324353984026266,2237529514803446473,8,multiplicative,mul64
better-mphf-auto,build,512,0.000000,1,6,0.007400,15822324353984026266,2237529514803446473,8,multiplicative,mul64
better-mphf-auto,lookup,512,0.000000,1,0,0.010429,15822324353984026266,2237529514803446473,8,multiplicative,mul64
better-mphf-auto,lookup,512,0.000000,1,1,0.010040,15822324353984026266,2237529514803446473,8,multiplicative,mul64
better-mphf-auto,lookup,512,0.000000,1,2,0.006120,15822324353984026266,2237529514803446473,8,multiplicative,mul64
better-mphf-auto,lookup,512,0.000000,1,3,0.005840,15822324353984026266,2237529514803446473,8,multiplicative,mul64
better-mphf-auto,lookup,512,0.000000,1,4,0.005840,15822324353984026266,2237529514803446473,8,multiplicative,mul64
better-mphf-auto,build,1024,0.000000,1,0,0.022889,15822324353984026266,2237529514803446473,8,multiplicative,mul64
better-mphf-auto,build,1024,0.000000,1,1,0.034460,15822324353984026266,2237529514803446473,8,multiplicative,mul64
better-mphf-auto,build,1024,0.000000,1,2,0.020429,15822324353984026266,2237529514803446473,8,multiplicative,mul64
better-mphf-auto,build,1024,0.000000,1,3,0.020940,15822324353984026266,2237529514803446473,8,multiplicative,mul64
better-mphf-auto,build,1024,0.000000,1,4,0.020860,15822324353984026266,2237529514803446473,8,multiplicative,mul64
better-mphf-auto,build,1024,0.000000,1,5,0.020769,15822324353984026266,2237529514803446473,8,multiplicative,mul64
better-mphf-auto,build,1024,0.000000,1,6,0.020771,15822324353984026266,2237529514803446473,8,multiplicative,mul64
better-mphf-auto,lookup,1024,0.000000,1,0,0.051669,15822324353984026266,2237529514803446473,8,multiplicative,mul64
better-mphf-auto,lookup,1024,0.000000,1,1,0.049380,15822324353984026266,2237529514803446473,8,multiplicative,mul64
better-mphf-auto,lookup,1024,0.000000,1,2,0.031671,15822324353984026266,2237529514803446473,8,multiplicative,mul64
better-mphf-auto,lookup,1024,0.000000,1,3,0.029980,15822324353984026266,2237529514803446473,8,multiplicative,mul64
better-mphf-auto,lookup,1024,0.000000,1,4,0.030029,15822324353984026266,2237529514803446473,8,multiplicative,mul64
better-mphf-auto,build,2048,0.000000,1,0,0.081009,15822324353984026266,2237529514803446473,8,multiplicative,mul64
better-mphf-auto,build,2048,0.000000,1,1,0.078971,15822324353984026266,2237529514803446473,8,multiplicative,mul64
better-mphf-auto,build,2048,0.000000,1,2,0.078709,15822324353984026266,2237529514803446473,8,multiplicative,mul64
better-mphf-auto,build,2048,0.000000,1,3,0.090530,15822324353984026266,2237529514803446473,8,multiplicative,mul64
better-mphf-auto,build,2048,0.000000,1,4,0.079190,15822324353984026266,2237529514803446473,8,multiplicative,mul64
better-mphf-auto,build,2048,0.000000,1,5,0.078330,15822324353984026266,2237529514803446473,8,multiplicative,mul64
better-mphf-auto,build,2048,0.000000,1,6,0.078770,15822324353984026266,2237529514803446473,8,multiplicative,mul64
better-mphf-auto,lookup,2048,0.000000,1,0,0.104840,15822324353984026266,2237529514803446473,8,multiplicative,mul64
better-mphf-auto,lookup,2048,0.000000,1,1,0.101350,15822324353984026266,2237529514803446473,8,multiplicative,mul64
better-mphf-auto,lookup,2048,0.000000,1,2,0.065100,15822324353984026266,2237529514803446473,8,multiplicative,mul64
better-mphf-auto,lookup,2048,0.000000,1,3,0.061060,15822324353984026266,2237529514803446473,8,multiplicative,mul64
better-mphf-auto,lookup,2048,0.000000,1,4,0.060890,15822324353984026266,2237529514803446473,8,multiplicative,mul64
better-mphf-auto,build,4096,0.000000,1,0,0.071900,15822324353984026266,2237529514803446473,8,multiplicative,mul64
better-mphf-auto,build,4096,0.000000,1,1,0.068330,15822324353984026266,2237529514803446473,8,multiplicative,mul64
better-mphf-auto,build,4096,0.000000,1,2,0.068010,15822324353984026266,2237529514803446473,8,multiplicative,mul64
better-mphf-auto,build,4096,0.000000,1,3,0.067920,15822324353984026266,2237529514803446473,8,multiplicative,mul64
better-mphf-auto,build,4096,0.000000,1,4,0.072720,15822324353984026266,2237529514803446473,8,multiplicative,mul64
better-mphf-auto,build,4096,0.000000,1,5,0.068070,15822324353984026266,2237529514803446473,8,multiplicative,mul64
better-mphf-auto,build,4096,0.000000,1,6,0.067790,15822324353984026266,2237529514803446473,8,multiplicative,mul64
better-mphf-auto,lookup,4096,0.000000,1,0,0.209870,15822324353984026266,2237529514803446473,8,multiplicative,mul64
better-mphf-auto,lookup,4096,0.000000,1,1,0.204410,15822324353984026266,2237529514803446473,8,multiplicative,mul64
better-mphf-auto,lookup,4096,0.000000,1,2,0.131720,15822324353984026266,2237529514803446473,8,multiplicative,mul64
better-mphf-auto,lookup,4096,0.000000,1,3,0.120720,15822324353984026266,2237529514803446473,8,multiplicative,mul64
better-mphf-auto,lookup,4096,0.000000,1,4,0.120400,15822324353984026266,2237529514803446473,8,multiplicative,mul64
better-mphf-auto,build,8192,0.000000,1,0,0.240670,15822324353984026266,2237529514803446473,8,multiplicative,mul64
better-mphf-auto,build,8192,0.000000,1,1,0.232350,15822324353984026266,2237529514803446473,8,multiplicative,mul64
better-mphf-auto,build,8192,0.000000,1,2,0.230790,15822324353984026266,2237529514803446473,8,multiplicative,mul64
better-mphf-auto,build,8192,0.000000,1,3,0.243450,15822324353984026266,2237529514803446473,8,multiplicative,mul64
better-mphf-auto,build,8192,0.000000,1,4,0.238060,15822324353984026266,2237529514803446473,8,multiplicative,mul64
better-mphf-auto,build,8192,0.000000,1,5,0.231660,15822324353984026266,2237529514803446473,8,multiplicative,mul64
better-mphf-auto,build,8192,0.000000,1,6,0.231440,15822324353984026266,2237529514803446473,8,multiplicative,mul64
better-mphf-auto,lookup,8192,0.000000,1,0,0.424120,15822324353984026266,2237529514803446473,8,multiplicative,mul64
better-mphf-auto,lookup,8192,0.000000,1,1,0.420830,15822324353984026266,2237529514803446473,8,multiplicative,mul64
better-mphf-auto,lookup,8192,0.000000,1,2,0.301320,15822324353984026266,2237529514803446473,8,multiplicative,mul64
better-mphf-auto,lookup,8192,0.000000,1,3,0.252990,15822324353984026266,2237529514803446473,8,multiplicative,mul64
better-mphf-auto,lookup,8192,0.000000,1,4,0.245120,15822324353984026266,2237529514803446473,8,multiplicative,mul64
better-mphf-auto,build,16384,0.000000,1,0,0.440710,15822324353984026266,2237529514803446473,8,multiplicative,mul64
better-mphf-auto,build,16384,0.000000,1,1,0.421100,15822324353984026266,2237529514803446473,8,multiplicative,mul64
better-mphf-auto,build,16384,0.000000,1,2,0.404910,15822324353984026266,2237529514803446473,8,multiplicative,mul64
better-mphf-auto,build,16384,0.000000,1,3,0.416230,15822324353984026266,2237529514803446473,8,multiplicative,mul64
better-mphf-auto,build,16384,0.000000,1,4,0.403580,15822324353984026266,2237529514803446473,8,multiplicative,mul64
better-mphf-auto,build,16384,0.000000,1,5,0.402230,15822324353984026266,2237529514803446473,8,multiplicative,mul64
better-mphf-auto,build,16384,0.000000,1,6,0.395710,15822324353984026266,2237529514803446473,8,multiplicative,mul64
better-mphf-auto,lookup,16384,0.000000,1,0,0.775729,15822324353984026266,2237529514803446473,8,multiplicative,mul64
better-mphf-auto,lookup,16384,0.000000,1,1,0.764980,15822324353984026266,2237529514803446473,8,multiplicative,mul64
better-mphf-auto,lookup,16384,0.000000,1,2,0.733609,15822324353984026266,2237529514803446473,8,multiplicative,mul64
better-mphf-auto,lookup,16384,0.000000,1,3,0.675380,15822324353984026266,2237529514803446473,8,multiplicative,mul64
better-mphf-auto,lookup,16384,0.000000,1,4,0.639750,15822324353984026266,2237529514803446473,8,multiplicative,mul64
better-mphf-auto,build,32768,0.000000,1,0,0.708650,15822324353984026266,2237529514803446473,8,multiplicative,mul64
better-mphf-auto,build,32768,0.000000,1,1,0.614930,15822324353984026266,2237529514803446473,8,multiplicative,mul64
better-mphf-auto,build,32768,0.000000,1,2,0.559220,15822324353984026266,2237529514803446473,8,multiplicative,mul64
better-mphf-auto,build,32768,0.000000,1,3,0.530440,15822324353984026266,2237529514803446473,8,multiplicative,mul64
better-mphf-auto,build,32768,0.000000,1,4,0.527760,15822324353984026266,2237529514803446473,8,multiplicative,mul64
better-mphf-auto,build,32768,0.000000,1,5,0.514790,15822324353984026266,2237529514803446473,8,multiplicative,mul64
better-mphf-auto,build,32768,0.000000,1,6,0.521820,15822324353984026266,2237529514803446473,8,multiplicative,mul64
better-mphf-auto,lookup,32768,0.000000,1,0,1.548220,15822324353984026266,2237529514803446473,8,multiplicative,mul64
better-mphf-auto,lookup,32768,0.000000,1,1,1.552980,15822324353984026266,2237529514803446473,8,multiplicative,mul64
better-mphf-auto,lookup,32768,0.000000,1,2,1.525080,15822324353984026266,2237529514803446473,8,multiplicative,mul64
better-mphf-auto,lookup,32768,0.000000,1,3,1.522699,15822324353984026266,2237529514803446473,8,multiplicative,mul64
better-mphf-auto,lookup,32768,0.000000,1,4,1.506420,15822324353984026266,2237529514803446473,8,multiplicative,mul64
better-mphf-auto,build,65536,0.000000,1,0,3.209070,15822324353984026266,2237529514803446473,8,multiplicative,mul64
better-mphf-auto,build,65536,0.000000,1,1,3.254080,15822324353984026266,2237529514803446473,8,multiplicative,mul64
better-mphf-auto,build,65536,0.000000,1,2,3.226119,15822324353984026266,2237529514803446473,8,multiplicative,mul64
better-mphf-auto,build,65536,0.000000,1,3,3.230780,15822324353984026266,2237529514803446473,8,multiplicative,mul64
better-mphf-auto,build,65536,0.000000,1,4,3.211420,15822324353984026266,2237529514803446473,8,multiplicative,mul64
better-mphf-auto,build,65536,0.000000,1,5,3.218860,15822324353984026266,2237529514803446473,8,multiplicative,mul64
better-mphf-auto,build,65536,0.000000,1,6,3.185790,15822324353984026266,2237529514803446473,8,multiplicative,mul64
better-mphf-auto,lookup,65536,0.000000,1,0,3.200730,15822324353984026266,2237529514803446473,8,multiplicative,mul64
better-mphf-auto,lookup,65536,0.000000,1,1,3.197570,15822324353984026266,2237529514803446473,8,multiplicative,mul64
better-mphf-auto,lookup,65536,0.000000,1,2,3.178810,15822324353984026266,2237529514803446473,8,multiplicative,mul64
better-mphf-auto,lookup,65536,0.000000,1,3,3.180360,15822324353984026266,2237529514803446473,8,multiplicative,mul64
better-mphf-auto,lookup,65536,0.000000,1,4,3.167190,15822324353984026266,2237529514803446473,8,multiplicative,mul64
better-mphf-auto,build,131072,0.000000,1,0,4.455400,15822324353984026266,2237529514803446473,8,multiplicative,mul64
better-mphf-auto,build,131072,0.000000,1,1,4.456770,15822324353984026266,2237529514803446473,8,multiplicative,mul64
better-mphf-auto,build,131072,0.000000,1,2,4.454540,15822324353984026266,2237529514803446473,8,multiplicative,mul64
better-mphf-auto,build,131072,0.000000,1,3,4.446929,15822324353984026266,2237529514803446473,8,multiplicative,mul64
better-mphf-auto,build,131072,0.000000,1,4,4.446520,15822324353984026266,2237529514803446473,8,multiplicative,mul64
better-mphf-auto,build,131072,0.000000,1,5,4.457580,15822324353984026266,2237529514803446473,8,multiplicative,mul64
better-mphf-auto,build,131072,0.000000,1,6,4.441030,15822324353984026266,2237529514803446473,8,multiplicative,mul64
better-mphf-auto,lookup,131072,0.000000,1,0,6.632159,15822324353984026266,2237529514803446473,8,multiplicative,mul64
better-mphf-auto,lookup,131072,0.000000,1,1,6.630230,15822324353984026266,2237529514803446473,8,multiplicative,mul64
better-mphf-auto,lookup,131072,0.000000,1,2,3.270540,15822324353984026266,2237529514803446473,8,multiplicative,mul64
better-mphf-auto,lookup,131072,0.000000,1,3,2.930779,15822324353984026266,2237529514803446473,8,multiplicative,mul64
better-mphf-auto,lookup,131072,0.000000,1,4,2.930140,15822324353984026266,2237529514803446473,8,multiplicative,mul64
better-mphf-auto,build,262144,0.000000,1,0,5.538050,15822324353984026266,2237529514803446473,8,multiplicative,mul64
better-mphf-auto,build,262144,0.000000,1,1,5.543950,15822324353984026266,2237529514803446473,8,multiplicative,mul64
better-mphf-auto,build,262144,0.000000,1,2,5.527629,15822324353984026266,2237529514803446473,8,multiplicative,mul64
better-mphf-auto,build,262144,0.000000,1,3,5.529390,15822324353984026266,2237529514803446473,8,multiplicative,mul64
better-mphf-auto,build,262144,0.000000,1,4,5.554160,15822324353984026266,2237529514803446473,8,multiplicative,mul64
better-mphf-auto,build,262144,0.000000,1,5,5.550629,15822324353984026266,2237529514803446473,8,multiplicative,mul64
better-mphf-auto,build,262144,0.000000,1,6,5.560860,15822324353984026266,2237529514803446473,8,multiplicative,mul64
better-mphf-auto,lookup,262144,0.000000,1,0,6.021869,15822324353984026266,2237529514803446473,8,multiplicative,mul64
better-mphf-auto,lookup,262144,0.000000,1,1,6.007810,15822324353984026266,2237529514803446473,8,multiplicative,mul64
better-mphf-auto,lookup,262144,0.000000,1,2,5.997770,15822324353984026266,2237529514803446473,8,multiplicative,mul64
better-mphf-auto,lookup,262144,0.000000,1,3,6.005249,15822324353984026266,2237529514803446473,8,multiplicative,mul64
better-mphf-auto,lookup,262144,0.000000,1,4,6.007920,15822324353984026266,2237529514803446473,8,multiplicative,mul64
better-mphf-auto,build,524288,0.000000,1,0,7.275809,15822324353984026266,2237529514803446473,8,multiplicative,mul64
better-mphf-auto,build,524288,0.000000,1,1,7.401450,15822324353984026266,2237529514803446473,8,multiplicative,mul64
better-mphf-auto,build,524288,0.000000,1,2,7.310929,15822324353984026266,2237529514803446473,8,multiplicative,mul64
better-mphf-auto,build,524288,0.000000,1,3,7.308390,15822324353984026266,2237529514803446473,8,multiplicative,mul64
better-mphf-auto,build,524288,0.000000,1,4,7.348519,15822324353984026266,2237529514803446473,8,multiplicative,mul64
better-mphf-auto,build,524288,0.000000,1,5,7.330139,15822324353984026266,2237529514803446473,8,multiplicative,mul64
better-mphf-auto,build,524288,0.000000,1,6,7.312629,15822324353984026266,2237529514803446473,8,multiplicative,mul64
better-mphf-auto,lookup,524288,0.000000,1,0,12.525249,15822324353984026266,2237529514803446473,8,multiplicative,mul64
better-mphf-auto,lookup,524288,0.000000,1,1,12.648030,15822324353984026266,2237529514803446473,8,multiplicative,mul64
better-mphf-auto,lookup,524288,0.000000,1,2,12.506039,15822324353984026266,2237529514803446473,8,multiplicative,mul64
better-mphf-auto,lookup,524288,0.000000,1,3,12.520599,15822324353984026266,2237529514803446473,8,multiplicative,mul64
better-mphf-auto,lookup,524288,0.000000,1,4,12.510500,15822324353984026266,2237529514803446473,8,multiplicative,mul64
better-mphf-auto,build,1048576,0.000000,1,0,20.406759,15822324353984026266,2237529514803446473,8,multiplicative,mul64
better-mphf-auto,build,1048576,0.000000,1,1,20.552108,15822324353984026266,2237529514803446473,8,multiplicative,mul64
better-mphf-auto,build,1048576,0.000000,1,2,20.377338,15822324353984026266,2237529514803446473,8,multiplicative,mul64
better-mphf-auto,build,1048576,0.000000,1,3,20.381819,15822324353984026266,2237529514803446473,8,multiplicative,mul64
better-mphf-auto,build,1048576,0.000000,1,4,20.673189,15822324353984026266,2237529514803446473,8,multiplicative,mul64
better-mphf-auto,build,1048576,0.000000,1,5,20.502479,15822324353984026266,2237529514803446473,8,multiplicative,mul64
better-mphf-auto,build,1048576,0.000000,1,6,20.525858,15822324353984026266,2237529514803446473,8,multiplicative,mul64
better-mphf-auto,lookup,1048576,0.000000,1,0,28.782429,15822324353984026266,2237529514803446473,8,multiplicative,mul64
better-mphf-auto,lookup,1048576,0.000000,1,1,28.737149,15822324353984026266,2237529514803446473,8,multiplicative,mul64
better-mphf-auto,lookup,1048576,0.000000,1,2,29.285538,15822324353984026266,2237529514803446473,8,multiplicative,mul64
better-mphf-auto,lookup,1048576,0.000000,1,3,29.800308,15822324353984026266,2237529514803446473,8,multiplicative,mul64
better-mphf-auto,lookup,1048576,0.000000,1,4,28.713439,15822324353984026266,2237529514803446473,8,multiplicative,mul64
better-mphf-auto,build,2097152,0.000000,1,0,31.832519,15822324353984026266,2237529514803446473,8,multiplicative,mul64
better-mphf-auto,build,2097152,0.000000,1,1,31.447768,15822324353984026266,2237529514803446473,8,multiplicative,mul64
better-mphf-auto,build,2097152,0.000000,1,2,31.341648,15822324353984026266,2237529514803446473,8,multiplicative,mul64
better-mphf-auto,build,2097152,0.000000,1,3,31.476138,15822324353984026266,2237529514803446473,8,multiplicative,mul64
better-mphf-auto,build,2097152,0.000000,1,4,31.419398,15822324353984026266,2237529514803446473,8,multiplicative,mul64
better-mphf-auto,build,2097152,0.000000,1,5,31.072308,15822324353984026266,2237529514803446473,8,multiplicative,mul64
better-mphf-auto,build,2097152,0.000000,1,6,31.655929,15822324353984026266,2237529514803446473,8,multiplicative,mul64
better-mphf-auto,lookup,2097152,0.000000,1,0,67.109607,15822324353984026266,2237529514803446473,8,multiplicative,mul64
better-mphf-auto,lookup,2097152,0.000000,1,1,67.260347,15822324353984026266,2237529514803446473,8,multiplicative,mul64
better-mphf-auto,lookup,2097152,0.000000,1,2,68.422796,15822324353984026266,2237529514803446473,8,multiplicative,mul64
better-mphf-auto,lookup,2097152,0.000000,1,3,71.897325,15822324353984026266,2237529514803446473,8,multiplicative,mul64
better-mphf-auto,lookup,2097152,0.000000,1,4,76.885375,15822324353984026266,2237529514803446473,8,multiplicative,mul64
better-mphf-auto,build,512,0.000000,1,0,0.004040,11579479035314885286,10581520858827646633,9,multiplicative,mul64
better-mphf-auto,build,512,0.000000,1,1,0.003560,11579479035314885286,10581520858827646633,9,multiplicative,mul64
better-mphf-auto,build,512,0.000000,1,2,0.003511,11579479035314885286,10581520858827646633,9,multiplicative,mul64
better-mphf-auto,build,512,0.000000,1,3,0.003500,11579479035314885286,10581520858827646633,9,multiplicative,mul64
better-mphf-auto,build,512,0.000000,1,4,0.003520,11579479035314885286,10581520858827646633,9,multiplicative,mul64
better-mphf-auto,build,512,0.000000,1,5,0.003500,11579479035314885286,10581520858827646633,9,multiplicative,mul64
better-mphf-auto,build,512,0.000000,1,6,0.003520,11579479035314885286,10581520858827646633,9,multiplicative,mul64
better-mphf-auto,lookup,512,0.000000,1,0,0.010440,11579479035314885286,10581520858827646633,9,multiplicative,mul64
better-mphf-auto,lookup,512,0.000000,1,1,0.018900,11579479035314885286,10581520858827646633,9,multiplicative,mul64
better-mphf-auto,lookup,512,0.000000,1,2,0.006400,11579479035314885286,10581520858827646633,9,multiplicative,mul64
better-mphf-auto,lookup,512,0.000000,1,3,0.005951,11579479035314885286,10581520858827646633,9,multiplicative,mul64
better-mphf-auto,lookup,512,0.000000,1,4,0.005940,11579479035314885286,10581520858827646633,9,multiplicative,mul64
better-mphf-auto,build,1024,0.000000,1,0,0.020769,11579479035314885286,10581520858827646633,9,multiplicative,mul64
better-mphf-auto,build,1024,0.000000,1,1,0.019760,11579479035314885286,10581520858827646633,9,multiplicative,mul64
better-mphf-auto,build,1024,0.000000,1,2,0.019991,11579479035314885286,10581520858827646633,9,multiplicative,mul64
better-mphf-auto,build,1024,0.000000,1,3,0.019680,11579479035314885286,10581520858827646633,9,multiplicative,mul64
better-mphf-auto,build,1024,0.000000,1,4,0.019900,11579479035314885286,10581520858827646633,9,multiplicative,mul64
better-mphf-auto,build,1024,0.000000,1,5,0.019760,11579479035314885286,10581520858827646633,9,multiplicative,mul64
better-mphf-auto,build,1024,0.000000,1,6,0.019680,11579479035314885286,10581520858827646633,9,multiplicative,mul64
better-mphf-auto,lookup,1024,0.000000,1,0,0.020749,11579479035314885286,10581520858827646633,9,multiplicative,mul64
better-mphf-auto,lookup,1024,0.000000,1,1,0.019840,11579479035314885286,10581520858827646633,9,multiplicative,mul64
better-mphf-auto,lookup,1024,0.000000,1,2,0.012820,11579479035314885286,10581520858827646633,9,multiplicative,mul64
better-mphf-auto,lookup,1024,0.000000,1,3,0.012200,11579479035314885286,10581520858827646633,9,multiplicative,mul64
better-mphf-auto,lookup,1024,0.000000,1,4,0.012120,11579479035314885286,10581520858827646633,9,multiplicative,mul64
better-mphf-auto,build,2048,0.000000,1,0,0.030380,11579479035314885286,10581520858827646633,9,multiplicative,mul64
better-mphf-auto,build,2048,0.000000,1,1,0.032049,11579479035314885286,10581520858827646633,9,multiplicative,mul64
better-mphf-auto,build,2048,0.000000,1,2,0.027420,11579479035314885286,10581520858827646633,9,multiplicative,mul64
better-mphf-auto,build,2048,0.000000,1,3,0.028671,11579479035314885286,10581520858827646633,9,multiplicative,mul64
better-mphf-auto,build,2048,0.000000,1,4,0.026960,11579479035314885286,10581520858827646633,9,multiplicative,mul64
better-mphf-auto,build,2048,0.000000,1,5,0.027000,11579479035314885286,10581520858827646633,9,multiplicative,mul64
better-mphf-auto,build,2048,0.000000,1,6,0.026929,11579479035314885286,10581520858827646633,9,multiplicative,mul64
better-mphf-auto,lookup,2048,0.000000,1,0,0.042080,11579479035314885286,10581520858827646633,9,multiplicative,mul64
better-mphf-auto,lookup,2048,0.000000,1,1,0.041080,11579479035314885286,10581520858827646633,9,multiplicative,mul64
better-mphf-auto,lookup,2048,0.000000,1,2,0.025760,11579479035314885286,10581520858827646633,9,multiplicative,mul64
better-mphf-auto,lookup,2048,0.000000,1,3,0.024569,11579479035314885286,10581520858827646633,9,multiplicative,mul64
better-mphf-auto,lookup,2048,0.000000,1,4,0.024511,11579479035314885286,10581520858827646633,9,multiplicative,mul64
better-mphf-auto,build,4096,0.000000,1,0,0.029031,11579479035314885286,10581520858827646633,9,multiplicative,mul64
better-mphf-auto,build,4096,0.000000,1,1,0.026680,11579479035314885286,10581520858827646633,9,multiplicative,mul64
better-mphf-auto,build,4096,0.000000,1,2,0.026369,11579479035314885286,10581520858827646633,9,multiplicative,mul64
better-mphf-auto,build,4096,0.000000,1,3,0.026349,11579479035314885286,10581520858827646633,9,multiplicative,mul64
better-mphf-auto,build,4096,0.000000,1,4,0.030100,11579479035314885286,10581520858827646633,9,multiplicative,mul64
better-mphf-auto,build,4096,0.000000,1,5,0.028429,11579479035314885286,10581520858827646633,9,multiplicative,mul64
better-mphf-auto,build,4096,0.000000,1,6,0.028240,11579479035314885286,10581520858827646633,9,multiplicative,mul64
better-mphf-auto,lookup,4096,0.000000,1,0,0.084200,11579479035314885286,10581520858827646633,9,multiplicative,mul64
better-mphf-auto,lookup,4096,0.000000,1,1,0.082260,11579479035314885286,10581520858827646633,9,multiplicative,mul64
better-mphf-auto,lookup,4096,0.000000,1,2,0.053880,11579479035314885286,10581520858827646633,9,multiplicative,mul64
better-mphf-auto,lookup,4096,0.000000,1,3,0.049180,11579479035314885286,10581520858827646633,9,multiplicative,mul64
better-mphf-auto,lookup,4096,0.000000,1,4,0.048860,11579479035314885286,10581520858827646633,9,multiplicative,mul64
better-mphf-auto,build,8192,0.000000,1,0,0.084220,11579479035314885286,10581520858827646633,9,multiplicative,mul64
better-mphf-auto,build,8192,0.000000,1,1,0.063849,11579479035314885286,10581520858827646633,9,multiplicative,mul64
better-mphf-auto,build,8192,0.000000,1,2,0.061180,11579479035314885286,10581520858827646633,9,multiplicative,mul64
better-mphf-auto,build,8192,0.000000,1,3,0.061040,11579479035314885286,10581520858827646633,9,multiplicative,mul64
better-mphf-auto,build,8192,0.000000,1,4,0.062860,11579479035314885286,10581520858827646633,9,multiplicative,mul64
better-mphf-auto,build,8192,0.000000,1,5,0.061169,11579479035314885286,10581520858827646633,9,multiplicative,mul64
better-mphf-auto,build,8192,0.000000,1,6,0.061220,11579479035314885286,10581520858827646633,9,multiplicative,mul64
better-mphf-auto,lookup,8192,0.000000,1,0,0.168360,11579479035314885286,10581520858827646633,9,multiplicative,mul64
better-mphf-auto,lookup,8192,0.000000,1,1,0.167811,11579479035314885286,10581520858827646633,9,multiplicative,mul64
better-mphf-auto,lookup,8192,0.000000,1,2,0.117489,11579479035314885286,10581520858827646633,9,multiplicative,mul64
better-mphf-auto,lookup,8192,0.000000,1,3,0.099631,11579479035314885286,10581520858827646633,9,multiplicative,mul64
better-mphf-auto,lookup,8192,0.000000,1,4,0.097109,11579479035314885286,10581520858827646633,9,multiplicative,mul64
better-mphf-auto,build,16384,0.000000,1,0,0.184770,11579479035314885286,10581520858827646633,9,multiplicative,mul64
better-mphf-auto,build,16384,0.000000,1,1,0.166751,11579479035314885286,10581520858827646633,9,multiplicative,mul64
better-mphf-auto,build,16384,0.000000,1,2,0.128000,11579479035314885286,10581520858827646633,9,multiplicative,mul64
better-mphf-auto,build,16384,0.000000,1,3,0.117960,11579479035314885286,10581520858827646633,9,multiplicative,mul64
better-mphf-auto,build,16384,0.000000,1,4,0.117020,11579479035314885286,10581520858827646633,9,multiplicative,mul64
better-mphf-auto,build,16384,0.000000,1,5,0.116960,11579479035314885286,10581520858827646633,9,multiplicative,mul64
better-mphf-auto,build,16384,0.000000,1,6,0.183060,11579479035314885286,10581520858827646633,9,multiplicative,mul64
better-mphf-auto,lookup,16384,0.000000,1,0,0.338091,11579479035314885286,10581520858827646633,9,multiplicative,mul64
better-mphf-auto,lookup,16384,0.000000,1,1,0.335920,11579479035314885286,10581520858827646633,9,multiplicative,mul64
better-mphf-auto,lookup,16384,0.000000,1,2,0.315660,11579479035314885286,10581520858827646633,9,multiplicative,mul64
better-mphf-auto,lookup,16384,0.000000,1,3,0.294820,11579479035314885286,10581520858827646633,9,multiplicative,mul64
better-mphf-auto,lookup,16384,0.000000,1,4,0.276929,11579479035314885286,10581520858827646633,9,multiplicative,mul64
better-mphf-auto,build,32768,0.000000,1,0,0.385040,11579479035314885286,10581520858827646633,9,multiplicative,mul64
better-mphf-auto,build,32768,0.000000,1,1,0.380091,11579479035314885286,10581520858827646633,9,multiplicative,mul64
better-mphf-auto,build,32768,0.000000,1,2,0.335469,11579479035314885286,10581520858827646633,9,multiplicative,mul64
better-mphf-auto,build,32768,0.000000,1,3,0.308191,11579479035314885286,10581520858827646633,9,multiplicative,mul64
better-mphf-auto,build,32768,0.000000,1,4,0.269960,11579479035314885286,10581520858827646633,9,multiplicative,mul64
better-mphf-auto,build,32768,0.000000,1,5,0.252300,11579479035314885286,10581520858827646633,9,multiplicative,mul64
better-mphf-auto,build,32768,0.000000,1,6,0.247080,11579479035314885286,10581520858827646633,9,multiplicative,mul64
better-mphf-auto,lookup,32768,0.000000,1,0,0.683440,11579479035314885286,10581520858827646633,9,multiplicative,mul64
better-mphf-auto,lookup,32768,0.000000,1,1,0.689340,11579479035314885286,10581520858827646633,9,multiplicative,mul64
better-mphf-auto,lookup,32768,0.000000,1,2,0.680360,11579479035314885286,10581520858827646633,9,multiplicative,mul64
better-mphf-auto,lookup,32768,0.000000,1,3,0.669910,11579479035314885286,10581520858827646633,9,multiplicative,mul64
better-mphf-auto,lookup,32768,0.000000,1,4,0.671230,11579479035314885286,10581520858827646633,9,multiplicative,mul64
better-mphf-auto,build,65536,0.000000,1,0,1.104550,11579479035314885286,10581520858827646633,9,multiplicative,mul64
better-mphf-auto,build,65536,0.000000,1,1,1.091250,11579479035314885286,10581520858827646633,9,multiplicative,mul64
better-mphf-auto,build,65536,0.000000,1,2,1.126700,11579479035314885286,10581520858827646633,9,multiplicative,mul64
better-mphf-auto,build,65536,0.000000,1,3,1.121230,11579479035314885286,10581520858827646633,9,multiplicative,mul64
better-mphf-auto,build,65536,0.000000,1,4,1.115980,11579479035314885286,10581520858827646633,9,multiplicative,mul64
better-mphf-auto,build,65536,0.000000,1,5,1.125100,11579479035314885286,10581520858827646633,9,multiplicative,mul64
better-mphf-auto,build,65536,0.000000,1,6,1.115450,11579479035314885286,10581520858827646633,9,multiplicative,mul64
better-mphf-auto,lookup,65536,0.000000,1,0,1.481710,11579479035314885286,10581520858827646633,9,multiplicative,mul64
better-mphf-auto,lookup,65536,0.000000,1,1,1.481040,11579479035314885286,10581520858827646633,9,multiplicative,mul64
better-mphf-auto,lookup,65536,0.000000,1,2,1.472460,11579479035314885286,10581520858827646633,9,multiplicative,mul64
better-mphf-auto,lookup,65536,0.000000,1,3,1.475779,11579479035314885286,10581520858827646633,9,multiplicative,mul64
better-mphf-auto,lookup,65536,0.000000,1,4,1.469720,11579479035314885286,10581520858827646633,9,multiplicative,mul64
better-mphf-auto,build,131072,0.000000,1,0,1.650530,11579479035314885286,10581520858827646633,9,multiplicative,mul64
better-mphf-auto,build,131072,0.000000,1,1,1.643860,11579479035314885286,10581520858827646633,9,multiplicative,mul64
better-mphf-auto,build,131072,0.000000,1,2,1.639020,11579479035314885286,10581520858827646633,9,multiplicative,mul64
better-mphf-auto,build,131072,0.000000,1,3,1.640010,11579479035314885286,10581520858827646633,9,multiplicative,mul64
better-mphf-auto,build,131072,0.000000,1,4,1.643010,11579479035314885286,10581520858827646633,9,multiplicative,mul64
better-mphf-auto,build,131072,0.000000,1,5,1.638371,11579479035314885286,10581520858827646633,9,multiplicative,mul64
better-mphf-auto,build,131072,0.000000,1,6,1.634600,11579479035314885286,10581520858827646633,9,multiplicative,mul64
better-mphf-auto,lookup,131072,0.000000,1,0,2.947670,11579479035314885286,10581520858827646633,9,multiplicative,mul64
better-mphf-auto,lookup,131072,0.000000,1,1,2.944100,11579479035314885286,10581520858827646633,9,multiplicative,mul64
better-mphf-auto,lookup,131072,0.000000,1,2,2.941360,11579479035314885286,10581520858827646633,9,multiplicative,mul64
better-mphf-auto,lookup,131072,0.000000,1,3,2.935669,11579479035314885286,10581520858827646633,9,multiplicative,mul64
better-mphf-auto,lookup,131072,0.000000,1,4,2.947780,11579479035314885286,10581520858827646633,9,multiplicative,mul64
better-mphf-auto,build,262144,0.000000,1,0,4.329569,11579479035314885286,10581520858827646633,9,multiplicative,mul64
better-mphf-auto,build,262144,0.000000,1,1,4.344129,11579479035314885286,10581520858827646633,9,multiplicative,mul64
better-mphf-auto,build,262144,0.000000,1,2,4.340340,11579479035314885286,10581520858827646633,9,multiplicative,mul64
better-mphf-auto,build,262144,0.000000,1,3,4.337680,11579479035314885286,10581520858827646633,9,multiplicative,mul64
better-mphf-auto,build,262144,0.000000,1,4,4.348899,11579479035314885286,10581520858827646633,9,multiplicative,mul64
better-mphf-auto,build,262144,0.000000,1,5,4.357319,11579479035314885286,10581520858827646633,9,multiplicative,mul64
better-mphf-auto,build,262144,0.000000,1,6,4.316530,11579479035314885286,10581520858827646633,9,multiplicative,mul64
better-mphf-auto,lookup,262144,0.000000,1,0,6.007589,11579479035314885286,10581520858827646633,9,multiplicative,mul64
better-mphf-auto,lookup,262144,0.000000,1,1,6.001490,11579479035314885286,10581520858827646633,9,multiplicative,mul64
better-mphf-auto,lookup,262144,0.000000,1,2,6.016370,11579479035314885286,10581520858827646633,9,multiplicative,mul64
better-mphf-auto,lookup,262144,0.000000,1,3,6.010479,11579479035314885286,10581520858827646633,9,multiplicative,mul64
better-mphf-auto,lookup,262144,0.000000,1,4,6.007470,11579479035314885286,10581520858827646633,9,multiplicative,mul64
better-mphf-auto,build,524288,0.000000,1,0,9.235480,11579479035314885286,10581520858827646633,9,multiplicative,mul64
better-mphf-auto,build,524288,0.000000,1,1,9.299739,11579479035314885286,10581520858827646633,9,multiplicative,mul64
better-mphf-auto,build,524288,0.000000,1,2,9.259550,11579479035314885286,10581520858827646633,9,multiplicative,mul64
better-mphf-auto,build,524288,0.000000,1,3,9.258609,11579479035314885286,10581520858827646633,9,multiplicative,mul64
better-mphf-auto,build,524288,0.000000,1,4,9.260690,11579479035314885286,10581520858827646633,9,multiplicative,mul64
better-mphf-auto,build,524288,0.000000,1,5,9.260579,11579479035314885286,10581520858827646633,9,multiplicative,mul64
better-mphf-auto,build,524288,0.000000,1,6,9.249419,11579479035314885286,10581520858827646633,9,multiplicative,mul64
better-mphf-auto,lookup,524288,0.000000,1,0,12.767529,11579479035314885286,10581520858827646633,9,multiplicative,mul64
better-mphf-auto,lookup,524288,0.000000,1,1,12.672859,11579479035314885286,10581520858827646633,9,multiplicative,mul64
better-mphf-auto,lookup,524288,0.000000,1,2,12.600679,11579479035314885286,10581520858827646633,9,multiplicative,mul64
better-mphf-auto,lookup,524288,0.000000,1,3,12.595299,11579479035314885286,10581520858827646633,9,multiplicative,mul64
better-mphf-auto,lookup,524288,0.000000,1,4,12.599419,11579479035314885286,10581520858827646633,9,multiplicative,mul64
better-mphf-auto,build,1048576,0.000000,1,0,17.862249,11579479035314885286,10581520858827646633,9,multiplicative,mul64
better-mphf-auto,build,1048576,0.000000,1,1,18.087069,11579479035314885286,10581520858827646633,9,multiplicative,mul64
better-mphf-auto,build,1048576,0.000000,1,2,17.890979,11579479035314885286,10581520858827646633,9,multiplicative,mul64
better-mphf-auto,build,1048576,0.000000,1,3,17.897949,11579479035314885286,10581520858827646633,9,multiplicative,mul64
better-mphf-auto,build,1048576,0.000000,1,4,17.889519,11579479035314885286,10581520858827646633,9,multiplicative,mul64
better-mphf-auto,build,1048576,0.000000,1,5,17.913559,11579479035314885286,10581520858827646633,9,multiplicative,mul64
better-mphf-auto,build,1048576,0.000000,1,6,17.930670,11579479035314885286,10581520858827646633,9,multiplicative,mul64
better-mphf-auto,lookup,1048576,0.000000,1,0,28.685978,11579479035314885286,10581520858827646633,9,multiplicative,mul64
better-mphf-auto,lookup,1048576,0.000000,1,1,28.800948,11579479035314885286,10581520858827646633,9,multiplicative,mul64
better-mphf-auto,lookup,1048576,0.000000,1,2,28.720118,11579479035314885286,10581520858827646633,9,multiplicative,mul64
better-mphf-auto,lookup,1048576,0.000000,1,3,28.752569,11579479035314885286,10581520858827646633,9,multiplicative,mul64
better-mphf-auto,lookup,1048576,0.000000,1,4,28.628368,11579479035314885286,10581520858827646633,9,multiplicative,mul64
better-mphf-auto,build,2097152,0.000000,1,0,48.873227,11579479035314885286,10581520858827646633,9,multiplicative,mul64
better-mphf-auto,build,2097152,0.000000,1,1,49.057567,11579479035314885286,10581520858827646633,9,multiplicative,mul64
better-mphf-auto,build,2097152,0.000000,1,2,50.140487,11579479035314885286,10581520858827646633,9,multiplicative,mul64
better-mphf-auto,build,2097152,0.000000,1,3,50.022527,11579479035314885286,10581520858827646633,9,multiplicative,mul64
better-mphf-auto,build,2097152,0.000000,1,4,49.887147,11579479035314885286,10581520858827646633,9,multiplicative,mul64
better-mphf-auto,build,2097152,0.000000,1,5,50.150597,11579479035314885286,10581520858827646633,9,multiplicative,mul64
better-mphf-auto,build,2097152,0.000000,1,6,49.976807,11579479035314885286,10581520858827646633,9,multiplicative,mul64
better-mphf-auto,lookup,2097152,0.000000,1,0,66.593166,11579479035314885286,10581520858827646633,9,multiplicative,mul64
better-mphf-auto,lookup,2097152,0.000000,1,1,66.498826,11579479035314885286,10581520858827646633,9,multiplicative,mul64
better-mphf-auto,lookup,2097152,0.000000,1,2,67.700816,11579479035314885286,10581520858827646633,9,multiplicative,mul64
better-mphf-auto,lookup,2097152,0.000000,1,3,70.367046,11579479035314885286,10581520858827646633,9,multiplicative,mul64
better-mphf-auto,lookup,2097152,0.000000,1,4,77.896686,11579479035314885286,10581520858827646633,9,multiplicative,mul64
better-mphf-auto,build,512,0.000000,1,0,0.004960,12353903704890448599,1483036387216384866,10,multiplicative,mul64
better-mphf-auto,build,512,0.000000,1,1,0.004530,12353903704890448599,1483036387216384866,10,multiplicative,mul64
better-mphf-auto,build,512,0.000000,1,2,0.004660,12353903704890448599,1483036387216384866,10,multiplicative,mul64
better-mphf-auto,build,512,0.000000,1,3,0.004520,12353903704890448599,1483036387216384866,10,multiplicative,mul64
better-mphf-auto,build,512,0.000000,1,4,0.004500,12353903704890448599,1483036387216384866,10,multiplicative,mul64
better-mphf-auto,build,512,0.000000,1,5,0.004510,12353903704890448599,1483036387216384866,10,multiplicative,mul64
better-mphf-auto,build,512,0.000000,1,6,0.004470,12353903704890448599,1483036387216384866,10,multiplicative,mul64
better-mphf-auto,lookup,512,0.000000,1,0,0.010380,12353903704890448599,1483036387216384866,10,multiplicative,mul64
better-mphf-auto,lookup,512,0.000000,1,1,0.009900,12353903704890448599,1483036387216384866,10,multiplicative,mul64
better-mphf-auto,lookup,512,0.000000,1,2,0.006360,12353903704890448599,1483036387216384866,10,multiplicative,mul64
better-mphf-auto,lookup,512,0.000000,1,3,0.006090,12353903704890448599,1483036387216384866,10,multiplicative,mul64
better-mphf-auto,lookup,512,0.000000,1,4,0.006070,12353903704890448599,1483036387216384866,10,multiplicative,mul64
better-mphf-auto,build,1024,0.000000,1,0,0.015529,12353903704890448599,1483036387216384866,10,multiplicative,mul64
better-mphf-auto,build,1024,0.000000,1,1,0.014889,12353903704890448599,1483036387216384866,10,multiplicative,mul64
better-mphf-auto,build,1024,0.000000,1,2,0.014731,12353903704890448599,1483036387216384866,10,multiplicative,mul64
better-mphf-auto,build,1024,0.000000,1,3,0.014660,12353903704890448599,1483036387216384866,10,multiplicative,mul64
better-mphf-auto,build,1024,0.000000,1,4,0.014660,12353903704890448599,1483036387216384866,10,multiplicative,mul64
better-mphf-auto,build,1024,0.000000,1,5,0.014649,12353903704890448599,1483036387216384866,10,multiplicative,mul64
better-mphf-auto,build,1024,0.000000,1,6,0.014640,12353903704890448599,1483036387216384866,10,multiplicative,mul64
better-mphf-auto,lookup,1024,0.000000,1,0,0.020829,12353903704890448599,1483036387216384866,10,multiplicative,mul64
better-mphf-auto,lookup,1024,0.000000,1,1,0.020140,12353903704890448599,1483036387216384866,10,multiplicative,mul64
better-mphf-auto,lookup,1024,0.000000,1,2,0.012740,12353903704890448599,1483036387216384866,10,multiplicative,mul64
better-mphf-auto,lookup,1024,0.000000,1,3,0.012110,12353903704890448599,1483036387216384866,10,multiplicative,mul64
better-mphf-auto,lookup,1024,0.000000,1,4,0.012100,12353903704890448599,1483036387216384866,10,multiplicative,mul64
better-mphf-auto,build,2048,0.000000,1,0,0.030869,12353903704890448599,1483036387216384866,10,multiplicative,mul64
better-mphf-auto,build,2048,0.000000,1,1,0.029651,12353903704890448599,1483036387216384866,10,multiplicative,mul64
better-mphf-auto,build,2048,0.000000,1,2,0.029400,12353903704890448599,1483036387216384866,10,multiplicative,mul64
better-mphf-auto,build,2048,0.000000,1,3,0.031069,12353903704890448599,1483036387216384866,10,multiplicative,mul64
better-mphf-auto,build,2048,0.000000,1,4,0.029200,12353903704890448599,1483036387216384866,10,multiplicative,mul64
better-mphf-auto,build,2048,0.000000,1,5,0.029371,12353903704890448599,1483036387216384866,10,multiplicative,mul64
better-mphf-auto,build,2048,0.000000,1,6,0.029200,12353903704890448599,1483036387216384866,10,multiplicative,mul64
better-mphf-auto,lookup,2048,0.000000,1,0,0.042449,12353903704890448599,1483036387216384866,10,multiplicative,mul64
better-mphf-auto,lookup,2048,0.000000,1,1,0.038100,12353903704890448599,1483036387216384866,10,multiplicative,mul64
better-mphf-auto,lookup,2048,0.000000,1,2,0.025520,12353903704890448599,1483036387216384866,10,multiplicative,mul64
better-mphf-auto,lookup,2048,0.000000,1,3,0.024391,12353903704890448599,1483036387216384866,10,multiplicative,mul64
better-mphf-auto,lookup,2048,0.000000,1,4,0.024360,12353903704890448599,1483036387216384866,10,multiplicative,mul64
better-mphf-auto,build,4096,0.000000,1,0,0.061070,12353903704890448599,1483036387216384866,10,multiplicative,mul64
better-mphf-auto,build,4096,0.000000,1,1,0.058620,12353903704890448599,1483036387216384866,10,multiplicative,mul64
better-mphf-auto,build,4096,0.000000,1,2,0.058510,12353903704890448599,1483036387216384866,10,multiplicative,mul64
better-mphf-auto,build,4096,0.000000,1,3,0.058550,12353903704890448599,1483036387216384866,10,multiplicative,mul64
better-mphf-auto,build,4096,0.000000,1,4,0.060460,12353903704890448599,1483036387216384866,10,multiplicative,mul64
better-mphf-auto,build,4096,0.000000,1,5,0.058420,12353903704890448599,1483036387216384866,10,multiplicative,mul64
better-mphf-auto,build,4096,0.000000,1,6,0.066410,12353903704890448599,1483036387216384866,10,multiplicative,mul64
better-mphf-auto,lookup,4096,0.000000,1,0,0.084660,12353903704890448599,1483036387216384866,10,multiplicative,mul64
better-mphf-auto,lookup,4096,0.000000,1,1,0.082210,12353903704890448599,1483036387216384866,10,multiplicative,mul64
better-mphf-auto,lookup,4096,0.000000,1,2,0.053760,12353903704890448599,1483036387216384866,10,multiplicative,mul64
better-mphf-auto,lookup,4096,0.000000,1,3,0.048600,12353903704890448599,1483036387216384866,10,multiplicative,mul64
better-mphf-auto,lookup,4096,0.000000,1,4,0.048280,12353903704890448599,1483036387216384866,10,multiplicative,mul64
better-mphf-auto,build,8192,0.000000,1,0,0.092940,12353903704890448599,1483036387216384866,10,multiplicative,mul64
better-mphf-auto,build,8192,0.000000,1,1,0.064740,12353903704890448599,1483036387216384866,10,multiplicative,mul64
better-mphf-auto,build,8192,0.000000,1,2,0.061130,12353903704890448599,1483036387216384866,10,multiplicative,mul64
better-mphf-auto,build,8192,0.000000,1,3,0.061000,12353903704890448599,1483036387216384866,10,multiplicative,mul64
better-mphf-auto,build,8192,0.000000,1,4,0.063440,12353903704890448599,1483036387216384866,10,multiplicative,mul64
better-mphf-auto,build,8192,0.000000,1,5,0.061350,12353903704890448599,1483036387216384866,10,multiplicative,mul64
better-mphf-auto,build,8192,0.000000,1,6,0.060990,12353903704890448599,1483036387216384866,10,multiplicative,mul64
better-mphf-auto,lookup,8192,0.000000,1,0,0.170320,12353903704890448599,1483036387216384866,10,multiplicative,mul64
better-mphf-auto,lookup,8192,0.000000,1,1,0.167450,12353903704890448599,1483036387216384866,10,multiplicative,mul64
better-mphf-auto,lookup,8192,0.000000,1,2,0.129020,12353903704890448599,1483036387216384866,10,multiplicative,mul64
better-mphf-auto,lookup,8192,0.000000,1,3,0.101450,12353903704890448599,1483036387216384866,10,multiplicative,mul64
better-mphf-auto,lookup,8192,0.000000,1,4,0.097310,12353903704890448599,1483036387216384866,10,multiplicative,mul64
better-mphf-auto,build,16384,0.000000,1,0,0.184910,12353903704890448599,1483036387216384866,10,multiplicative,mul64
better-mphf-auto,build,16384,0.000000,1,1,0.172870,12353903704890448599,1483036387216384866,10,multiplicative,mul64
better-mphf-auto,build,16384,0.000000,1,2,0.176400,12353903704890448599,1483036387216384866,10,multiplicative,mul64
better-mphf-auto,build,16384,0.000000,1,3,0.172450,12353903704890448599,1483036387216384866,10,multiplicative,mul64
better-mphf-auto,build,16384,0.000000,1,4,0.170020,12353903704890448599,1483036387216384866,10,multiplicative,mul64
better-mphf-auto,build,16384,0.000000,1,5,0.169790,12353903704890448599,1483036387216384866,10,multiplicative,mul64
better-mphf-auto,build,16384,0.000000,1,6,0.169880,12353903704890448599,1483036387216384866,10,multiplicative,mul64
better-mphf-auto,lookup,16384,0.000000,1,0,0.344870,12353903704890448599,1483036387216384866,10,multiplicative,mul64
better-mphf-auto,lookup,16384,0.000000,1,1,0.334380,12353903704890448599,1483036387216384866,10,multiplicative,mul64
better-mphf-auto,lookup,16384,0.000000,1,2,0.321020,12353903704890448599,1483036387216384866,10,multiplicative,mul64
better-mphf-auto,lookup,16384,0.000000,1,3,0.302320,12353903704890448599,1483036387216384866,10,multiplicative,mul64
better-mphf-auto,lookup,16384,0.000000,1,4,0.280100,12353903704890448599,1483036387216384866,10,multiplicative,mul64
better-mphf-auto,build,32768,0.000000,1,0,0.568650,12353903704890448599,1483036387216384866,10,multiplicative,mul64
better-mphf-auto,build,32768,0.000000,1,1,0.536530,12353903704890448599,1483036387216384866,10,multiplicative,mul64
better-mphf-auto,build,32768,0.000000,1,2,0.508070,12353903704890448599,1483036387216384866,10,multiplicative,mul64
better-mphf-auto,build,32768,0.000000,1,3,0.497660,12353903704890448599,1483036387216384866,10,multiplicative,mul64
better-mphf-auto,build,32768,0.000000,1,4,0.480460,12353903704890448599,1483036387216384866,10,multiplicative,mul64
better-mphf-auto,build,32768,0.000000,1,5,0.484570,12353903704890448599,1483036387216384866,10,multiplicative,mul64
better-mphf-auto,build,32768,0.000000,1,6,0.476179,12353903704890448599,1483036387216384866,10,multiplicative,mul64
better-mphf-auto,lookup,32768,0.000000,1,0,0.688749,12353903704890448599,1483036387216384866,10,multiplicative,mul64
better-mphf-auto,lookup,32768,0.000000,1,1,0.681280,12353903704890448599,1483036387216384866,10,multiplicative,mul64
better-mphf-auto,lookup,32768,0.000000,1,2,0.680129,12353903704890448599,1483036387216384866,10,multiplicative,mul64
better-mphf-auto,lookup,32768,0.000000,1,3,0.672600,12353903704890448599,1483036387216384866,10,multiplicative,mul64
better-mphf-auto,lookup,32768,0.000000,1,4,0.665550,12353903704890448599,1483036387216384866,10,multiplicative,mul64
better-mphf-auto,build,65536,0.000000,1,0,1.310560,12353903704890448599,1483036387216384866,10,multiplicative,mul64
better-mphf-auto,build,65536,0.000000,1,1,1.305210,12353903704890448599,1483036387216384866,10,multiplicative,mul64
better-mphf-auto,build,65536,0.000000,1,2,1.294010,12353903704890448599,1483036387216384866,10,multiplicative,mul64
better-mphf-auto,build,65536,0.000000,1,3,1.296910,12353903704890448599,1483036387216384866,10,multiplicative,mul64
better-mphf-auto,build,65536,0.000000,1,4,1.303470,12353903704890448599,1483036387216384866,10,multiplicative,mul64
better-mphf-auto,build,65536,0.000000,1,5,1.295160,12353903704890448599,1483036387216384866,10,multiplicative,mul64
better-mphf-auto,build,65536,0.000000,1,6,1.294540,12353903704890448599,1483036387216384866,10,multiplicative,mul64
better-mphf-auto,lookup,65536,0.000000,1,0,1.417130,12353903704890448599,1483036387216384866,10,multiplicative,mul64
better-mphf-auto,lookup,65536,0.000000,1,1,1.406370,12353903704890448599,1483036387216384866,10,multiplicative,mul64
better-mphf-auto,lookup,65536,0.000000,1,2,1.411629,12353903704890448599,1483036387216384866,10,multiplicative,mul64
better-mphf-auto,lookup,65536,0.000000,1,3,1.411619,12353903704890448599,1483036387216384866,10,multiplicative,mul64
better-mphf-auto,lookup,65536,0.000000,1,4,1.408470,12353903704890448599,1483036387216384866,10,multiplicative,mul64
better-mphf-auto,build,131072,0.000000,1,0,1.903420,12353903704890448599,1483036387216384866,10,multiplicative,mul64
better-mphf-auto,build,131072,0.000000,1,1,1.893370,12353903704890448599,1483036387216384866,10,multiplicative,mul64
better-mphf-auto,build,131072,0.000000,1,2,1.898450,12353903704890448599,1483036387216384866,10,multiplicative,mul64
better-mphf-auto,build,131072,0.000000,1,3,1.903690,12353903704890448599,1483036387216384866,10,multiplicative,mul64
better-mphf-auto,build,131072,0.000000,1,4,1.888810,12353903704890448599,1483036387216384866,10,multiplicative,mul64
better-mphf-auto,build,131072,0.000000,1,5,1.894669,12353903704890448599,1483036387216384866,10,multiplicative,mul64
better-mphf-auto,build,131072,0.000000,1,6,1.923019,12353903704890448599,1483036387216384866,10,multiplicative,mul64
better-mphf-auto,lookup,131072,0.000000,1,0,2.943540,12353903704890448599,1483036387216384866,10,multiplicative,mul64
better-mphf-auto,lookup,131072,0.000000,1,1,2.943140,12353903704890448599,1483036387216384866,10,multiplicative,mul64
better-mphf-auto,lookup,131072,0.000000,1,2,2.938120,12353903704890448599,1483036387216384866,10,multiplicative,mul64
better-mphf-auto,lookup,131072,0.000000,1,3,2.937619,12353903704890448599,1483036387216384866,10,multiplicative,mul64
better-mphf-auto,lookup,131072,0.000000,1,4,2.934699,12353903704890448599,1483036387216384866,10,multiplicative,mul64
better-mphf-auto,build,262144,0.000000,1,0,5.339329,12353903704890448599,1483036387216384866,10,multiplicative,mul64
better-mphf-auto,build,262144,0.000000,1,1,5.337270,12353903704890448599,1483036387216384866,10,multiplicative,mul64
better-mphf-auto,build,262144,0.000000,1,2,5.339580,12353903704890448599,1483036387216384866,10,multiplicative,mul64
better-mphf-auto,build,262144,0.000000,1,3,5.335869,12353903704890448599,1483036387216384866,10,multiplicative,mul64
better-mphf-auto,build,262144,0.000000,1,4,5.318310,12353903704890448599,1483036387216384866,10,multiplicative,mul64
better-mphf-auto,build,262144,0.000000,1,5,5.332930,12353903704890448599,1483036387216384866,10,multiplicative,mul64
better-mphf-auto,build,262144,0.000000,1,6,5.318099,12353903704890448599,1483036387216384866,10,multiplicative,mul64
better-mphf-auto,lookup,262144,0.000000,1,0,6.009020,12353903704890448599,1483036387216384866,10,multiplicative,mul64
better-mphf-auto,lookup,262144,0.000000,1,1,6.005479,12353903704890448599,1483036387216384866,10,multiplicative,mul64
better-mphf-auto,lookup,262144,0.000000,1,2,6.007590,12353903704890448599,1483036387216384866,10,multiplicative,mul64
better-mphf-auto,lookup,262144,0.000000,1,3,5.996160,12353903704890448599,1483036387216384866,10,multiplicative,mul64
better-mphf-auto,lookup,262144,0.000000,1,4,6.003979,12353903704890448599,1483036387216384866,10,multiplicative,mul64
better-mphf-auto,build,524288,0.000000,1,0,7.292780,12353903704890448599,1483036387216384866,10,multiplicative,mul64
better-mphf-auto,build,524288,0.000000,1,1,7.357819,12353903704890448599,1483036387216384866,10,multiplicative,mul64
better-mphf-auto,build,524288,0.000000,1,2,7.246860,12353903704890448599,1483036387216384866,10,multiplicative,mul64
better-mphf-auto,build,524288,0.000000,1,3,7.235130,12353903704890448599,1483036387216384866,10,multiplicative,mul64
better-mphf-auto,build,524288,0.000000,1,4,7.265709,12353903704890448599,1483036387216384866,10,multiplicative,mul64
better-mphf-auto,build,524288,0.000000,1,5,7.275370,12353903704890448599,1483036387216384866,10,multiplicative,mul64
better-mphf-auto,build,524288,0.000000,1,6,7.282379,12353903704890448599,1483036387216384866,10,multiplicative,mul64
better-mphf-auto,lookup,524288,0.000000,1,0,12.527019,12353903704890448599,1483036387216384866,10,multiplicative,mul64
better-mphf-auto,lookup,524288,0.000000,1,1,12.773790,12353903704890448599,1483036387216384866,10,multiplicative,mul64
better-mphf-auto,lookup,524288,0.000000,1,2,12.540390,12353903704890448599,1483036387216384866,10,multiplicative,mul64
better-mphf-auto,lookup,524288,0.000000,1,3,12.534249,12353903704890448599,1483036387216384866,10,multiplicative,mul64
better-mphf-auto,lookup,524288,0.000000,1,4,12.542959,12353903704890448599,1483036387216384866,10,multiplicative,mul64
better-mphf-auto,build,1048576,0.000000,1,0,15.951989,12353903704890448599,1483036387216384866,10,multiplicative,mul64
better-mphf-auto,build,1048576,0.000000,1,1,16.128229,12353903704890448599,1483036387216384866,10,multiplicative,mul64
better-mphf-auto,build,1048576,0.000000,1,2,15.784439,12353903704890448599,1483036387216384866,10,multiplicative,mul64
better-mphf-auto,build,1048576,0.000000,1,3,15.825799,12353903704890448599,1483036387216384866,10,multiplicative,mul64
better-mphf-auto,build,1048576,0.000000,1,4,15.883209,12353903704890448599,1483036387216384866,10,multiplicative,mul64
better-mphf-auto,build,1048576,0.000000,1,5,15.770799,12353903704890448599,1483036387216384866,10,multiplicative,mul64
better-mphf-auto,build,1048576,0.000000,1,6,15.775270,12353903704890448599,1483036387216384866,10,multiplicative,mul64
better-mphf-auto,lookup,1048576,0.000000,1,0,28.749419,12353903704890448599,1483036387216384866,10,multiplicative,mul64
better-mphf-auto,lookup,1048576,0.000000,1,1,28.633708,12353903704890448599,1483036387216384866,10,multiplicative,mul64
better-mphf-auto,lookup,1048576,0.000000,1,2,28.791788,12353903704890448599,1483036387216384866,10,multiplicative,mul64
better-mphf-auto,lookup,1048576,0.000000,1,3,28.720029,12353903704890448599,1483036387216384866,10,multiplicative,mul64
better-mphf-auto,lookup,1048576,0.000000,1,4,28.755658,12353903704890448599,1483036387216384866,10,multiplicative,mul64
better-mphf-auto,build,2097152,0.000000,1,0,43.890877,12353903704890448599,1483036387216384866,10,multiplicative,mul64
better-mphf-auto,build,2097152,0.000000,1,1,43.577137,12353903704890448599,1483036387216384866,10,multiplicative,mul64
better-mphf-auto,build,2097152,0.000000,1,2,45.027797,12353903704890448599,1483036387216384866,10,multiplicative,mul64
better-mphf-auto,build,2097152,0.000000,1,3,44.405927,12353903704890448599,1483036387216384866,10,multiplicative,mul64
better-mphf-auto,build,2097152,0.000000,1,4,43.611117,12353903704890448599,1483036387216384866,10,multiplicative,mul64
better-mphf-auto,build,2097152,0.000000,1,5,43.279138,12353903704890448599,1483036387216384866,10,multiplicative,mul64
better-mphf-auto,build,2097152,0.000000,1,6,43.479717,12353903704890448599,1483036387216384866,10,multiplicative,mul64
better-mphf-auto,lookup,2097152,0.000000,1,0,67.837047,12353903704890448599,1483036387216384866,10,multiplicative,mul64
better-mphf-auto,lookup,2097152,0.000000,1,1,66.257536,12353903704890448599,1483036387216384866,10,multiplicative,mul64
better-mphf-auto,lookup,2097152,0.000000,1,2,66.160416,12353903704890448599,1483036387216384866,10,multiplicative,mul64
better-mphf-auto,lookup,2097152,0.000000,1,3,67.215906,12353903704890448599,1483036387216384866,10,multiplicative,mul64
better-mphf-auto,lookup,2097152,0.000000,1,4,70.466965,12353903704890448599,1483036387216384866,10,multiplicative,mul64
better-mphf-auto,build,512,0.000000,1,0,0.004550,3380627499038836606,4968728225037113093,11,multiplicative,mul64
better-mphf-auto,build,512,0.000000,1,1,0.004150,3380627499038836606,4968728225037113093,11,multiplicative,mul64
better-mphf-auto,build,512,0.000000,1,2,0.004100,3380627499038836606,4968728225037113093,11,multiplicative,mul64
better-mphf-auto,build,512,0.000000,1,3,0.004060,3380627499038836606,4968728225037113093,11,multiplicative,mul64
better-mphf-auto,build,512,0.000000,1,4,0.004090,3380627499038836606,4968728225037113093,11,multiplicative,mul64
better-mphf-auto,build,512,0.000000,1,5,0.004090,3380627499038836606,4968728225037113093,11,multiplicative,mul64
better-mphf-auto,build,512,0.000000,1,6,0.004080,3380627499038836606,4968728225037113093,11,multiplicative,mul64
better-mphf-auto,lookup,512,0.000000,1,0,0.010710,3380627499038836606,4968728225037113093,11,multiplicative,mul64
better-mphf-auto,lookup,512,0.000000,1,1,0.010180,3380627499038836606,4968728225037113093,11,multiplicative,mul64
better-mphf-auto,lookup,512,0.000000,1,2,0.006600,3380627499038836606,4968728225037113093,11,multiplicative,mul64
better-mphf-auto,lookup,512,0.000000,1,3,0.006240,3380627499038836606,4968728225037113093,11,multiplicative,mul64
better-mphf-auto,lookup,512,0.000000,1,4,0.006230,3380627499038836606,4968728225037113093,11,multiplicative,mul64
better-mphf-auto,build,1024,0.000000,1,0,0.031769,3380627499038836606,4968728225037113093,11,multiplicative,mul64
better-mphf-auto,build,1024,0.000000,1,1,0.030709,3380627499038836606,4968728225037113093,11,multiplicative,mul64
better-mphf-auto,build,1024,0.000000,1,2,0.030540,3380627499038836606,4968728225037113093,11,multiplicative,mul64
better-mphf-auto,build,1024,0.000000,1,3,0.030571,3380627499038836606,4968728225037113093,11,multiplicative,mul64
better-mphf-auto,build,1024,0.000000,1,4,0.030591,3380627499038836606,4968728225037113093,11,multiplicative,mul64
better-mphf-auto,build,1024,0.000000,1,5,0.030540,3380627499038836606,4968728225037113093,11,multiplicative,mul64
better-mphf-auto,build,1024,0.000000,1,6,0.030560,3380627499038836606,4968728225037113093,11,multiplicative,mul64
better-mphf-auto,lookup,1024,0.000000,1,0,0.024740,3380627499038836606,4968728225037113093,11,multiplicative,mul64
better-mphf-auto,lookup,1024,0.000000,1,1,0.023560,3380627499038836606,4968728225037113093,11,multiplicative,mul64
better-mphf-auto,lookup,1024,0.000000,1,2,0.015100,3380627499038836606,4968728225037113093,11,multiplicative,mul64
better-mphf-auto,lookup,1024,0.000000,1,3,0.014580,3380627499038836606,4968728225037113093,11,multiplicative,mul64
better-mphf-auto,lookup,1024,0.000000,1,4,0.014560,3380627499038836606,4968728225037113093,11,multiplicative,mul64
better-mphf-auto,build,2048,0.000000,1,0,0.029040,3380627499038836606,4968728225037113093,11,multiplicative,mul64
better-mphf-auto,build,2048,0.000000,1,1,0.027909,3380627499038836606,4968728225037113093,11,multiplicative,mul64
better-mphf-auto,build,2048,0.000000,1,2,0.027791,3380627499038836606,4968728225037113093,11,multiplicative,mul64
better-mphf-auto,build,2048,0.000000,1,3,0.027989,3380627499038836606,4968728225037113093,11,multiplicative,mul64
better-mphf-auto,build,2048,0.000000,1,4,0.027820,3380627499038836606,4968728225037113093,11,multiplicative,mul64
better-mphf-auto,build,2048,0.000000,1,5,0.027791,3380627499038836606,4968728225037113093,11,multiplicative,mul64
better-mphf-auto,build,2048,0.000000,1,6,0.027829,3380627499038836606,4968728225037113093,11,multiplicative,mul64
better-mphf-auto,lookup,2048,0.000000,1,0,0.060169,3380627499038836606,4968728225037113093,11,multiplicative,mul64
better-mphf-auto,lookup,2048,0.000000,1,1,0.058180,3380627499038836606,4968728225037113093,11,multiplicative,mul64
better-mphf-auto,lookup,2048,0.000000,1,2,0.091820,3380627499038836606,4968728225037113093,11,multiplicative,mul64
better-mphf-auto,lookup,2048,0.000000,1,3,0.035060,3380627499038836606,4968728225037113093,11,multiplicative,mul64
better-mphf-auto,lookup,2048,0.000000,1,4,0.035011,3380627499038836606,4968728225037113093,11,multiplicative,mul64
better-mphf-auto,build,4096,0.000000,1,0,0.041549,3380627499038836606,4968728225037113093,11,multiplicative,mul64
better-mphf-auto,build,4096,0.000000,1,1,0.038471,3380627499038836606,4968728225037113093,11,multiplicative,mul64
better-mphf-auto,build,4096,0.000000,1,2,0.038289,3380627499038836606,4968728225037113093,11,multiplicative,mul64
better-mphf-auto,build,4096,0.000000,1,3,0.038180,3380627499038836606,4968728225037113093,11,multiplicative,mul64
better-mphf-auto,build,4096,0.000000,1,4,0.040160,3380627499038836606,4968728225037113093,11,multiplicative,mul64
better-mphf-auto,build,4096,0.000000,1,5,0.038269,3380627499038836606,4968728225037113093,11,multiplicative,mul64
better-mphf-auto,build,4096,0.000000,1,6,0.038120,3380627499038836606,4968728225037113093,11,multiplicative,mul64
better-mphf-auto,lookup,4096,0.000000,1,0,0.090549,3380627499038836606,4968728225037113093,11,multiplicative,mul64
better-mphf-auto,lookup,4096,0.000000,1,1,0.084680,3380627499038836606,4968728225037113093,11,multiplicative,mul64
better-mphf-auto,lookup,4096,0.000000,1,2,0.096560,3380627499038836606,4968728225037113093,11,multiplicative,mul64
better-mphf-auto,lookup,4096,0.000000,1,3,0.058140,3380627499038836606,4968728225037113093,11,multiplicative,mul64
better-mphf-auto,lookup,4096,0.000000,1,4,0.052420,3380627499038836606,4968728225037113093,11,multiplicative,mul64
better-mphf-auto,build,8192,0.000000,1,0,0.203040,3380627499038836606,4968728225037113093,11,multiplicative,mul64
better-mphf-auto,build,8192,0.000000,1,1,0.180671,3380627499038836606,4968728225037113093,11,multiplicative,mul64
better-mphf-auto,build,8192,0.000000,1,2,0.176640,3380627499038836606,4968728225037113093,11,multiplicative,mul64
better-mphf-auto,build,8192,0.000000,1,3,0.176209,3380627499038836606,4968728225037113093,11,multiplicative,mul64
better-mphf-auto,build,8192,0.000000,1,4,0.177160,3380627499038836606,4968728225037113093,11,multiplicative,mul64
better-mphf-auto,build,8192,0.000000,1,5,0.181311,3380627499038836606,4968728225037113093,11,multiplicative,mul64
better-mphf-auto,build,8192,0.000000,1,6,0.174500,3380627499038836606,4968728225037113093,11,multiplicative,mul64
better-mphf-auto,lookup,8192,0.000000,1,0,0.168409,3380627499038836606,4968728225037113093,11,multiplicative,mul64
better-mphf-auto,lookup,8192,0.000000,1,1,0.165220,3380627499038836606,4968728225037113093,11,multiplicative,mul64
better-mphf-auto,lookup,8192,0.000000,1,2,0.129300,3380627499038836606,4968728225037113093,11,multiplicative,mul64
better-mphf-auto,lookup,8192,0.000000,1,3,0.101450,3380627499038836606,4968728225037113093,11,multiplicative,mul64
better-mphf-auto,lookup,8192,0.000000,1,4,0.097520,3380627499038836606,4968728225037113093,11,multiplicative,mul64
better-mphf-auto,build,16384,0.000000,1,0,0.194140,3380627499038836606,4968728225037113093,11,multiplicative,mul64
better-mphf-auto,build,16384,0.000000,1,1,0.181820,3380627499038836606,4968728225037113093,11,multiplicative,mul64
better-mphf-auto,build,16384,0.000000,1,2,0.185980,3380627499038836606,4968728225037113093,11,multiplicative,mul64
better-mphf-auto,build,16384,0.000000,1,3,0.179760,3380627499038836606,4968728225037113093,11,multiplicative,mul64
better-mphf-auto,build,16384,0.000000,1,4,0.179671,3380627499038836606,4968728225037113093,11,multiplicative,mul64
better-mphf-auto,build,16384,0.000000,1,5,0.180029,3380627499038836606,4968728225037113093,11,multiplicative,mul64
better-mphf-auto,build,16384,0.000000,1,6,0.179460,3380627499038836606,4968728225037113093,11,multiplicative,mul64
better-mphf-auto,lookup,16384,0.000000,1,0,0.341720,3380627499038836606,4968728225037113093,11,multiplicative,mul64
better-mphf-auto,lookup,16384,0.000000,1,1,0.334410,3380627499038836606,4968728225037113093,11,multiplicative,mul64
better-mphf-auto,lookup,16384,0.000000,1,2,0.325530,3380627499038836606,4968728225037113093,11,multiplicative,mul64
better-mphf-auto,lookup,16384,0.000000,1,3,0.298390,3380627499038836606,4968728225037113093,11,multiplicative,mul64
better-mphf-auto,lookup,16384,0.000000,1,4,0.279940,3380627499038836606,4968728225037113093,11,multiplicative,mul64
better-mphf-auto,build,32768,0.000000,1,0,0.570320,3380627499038836606,4968728225037113093,11,multiplicative,mul64
better-mphf-auto,build,32768,0.000000,1,1,0.534420,3380627499038836606,4968728225037113093,11,multiplicative,mul64
better-mphf-auto,build,32768,0.000000,1,2,0.494740,3380627499038836606,4968728225037113093,11,multiplicative,mul64
better-mphf-auto,build,32768,0.000000,1,3,0.475760,3380627499038836606,4968728225037113093,11,multiplicative,mul64
better-mphf-auto,build,32768,0.000000,1,4,0.450600,3380627499038836606,4968728225037113093,11,multiplicative,mul64
better-mphf-auto,build,32768,0.000000,1,5,0.448440,3380627499038836606,4968728225037113093,11,multiplicative,mul64
better-mphf-auto,build,32768,0.000000,1,6,0.441640,3380627499038836606,4968728225037113093,11,multiplicative,mul64
better-mphf-auto,lookup,32768,0.000000,1,0,0.691400,3380627499038836606,4968728225037113093,11,multiplicative,mul64
better-mphf-auto,lookup,32768,0.000000,1,1,0.681630,3380627499038836606,4968728225037113093,11,multiplicative,mul64
better-mphf-auto,lookup,32768,0.000000,1,2,0.674750,3380627499038836606,4968728225037113093,11,multiplicative,mul64
better-mphf-auto,lookup,32768,0.000000,1,3,0.665220,3380627499038836606,4968728225037113093,11,multiplicative,mul64
better-mphf-auto,lookup,32768,0.000000,1,4,0.667560,3380627499038836606,4968728225037113093,11,multiplicative,mul64
better-mphf-auto,build,65536,0.000000,1,0,1.105710,3380627499038836606,4968728225037113093,11,multiplicative,mul64
better-mphf-auto,build,65536,0.000000,1,1,1.102050,3380627499038836606,4968728225037113093,11,multiplicative,mul64
better-mphf-auto,build,65536,0.000000,1,2,1.132550,3380627499038836606,4968728225037113093,11,multiplicative,mul64
better-mphf-auto,build,65536,0.000000,1,3,1.119190,3380627499038836606,4968728225037113093,11,multiplicative,mul64
better-mphf-auto,build,65536,0.000000,1,4,1.110800,3380627499038836606,4968728225037113093,11,multiplicative,mul64
better-mphf-auto,build,65536,0.000000,1,5,1.102191,3380627499038836606,4968728225037113093,11,multiplicative,mul64
better-mphf-auto,build,65536,0.000000,1,6,1.098571,3380627499038836606,4968728225037113093,11,multiplicative,mul64
better-mphf-auto,lookup,65536,0.000000,1,0,1.417400,3380627499038836606,4968728225037113093,11,multiplicative,mul64
better-mphf-auto,lookup,65536,0.000000,1,1,1.408370,3380627499038836606,4968728225037113093,11,multiplicative,mul64
better-mphf-auto,lookup,65536,0.000000,1,2,1.402300,3380627499038836606,4968728225037113093,11,multiplicative,mul64
better-mphf-auto,lookup,65536,0.000000,1,3,1.406270,3380627499038836606,4968728225037113093,11,multiplicative,mul64
better-mphf-auto,lookup,65536,0.000000,1,4,1.398040,3380627499038836606,4968728225037113093,11,multiplicative,mul64
better-mphf-auto,build,131072,0.000000,1,0,1.677470,3380627499038836606,4968728225037113093,11,multiplicative,mul64
better-mphf-auto,build,131072,0.000000,1,1,1.670559,3380627499038836606,4968728225037113093,11,multiplicative,mul64
better-mphf-auto,build,131072,0.000000,1,2,1.684771,3380627499038836606,4968728225037113093,11,multiplicative,mul64
better-mphf-auto,build,131072,0.000000,1,3,1.665179,3380627499038836606,4968728225037113093,11,multiplicative,mul64
better-mphf-auto,build,131072,0.000000,1,4,1.674650,3380627499038836606,4968728225037113093,11,multiplicative,mul64
better-mphf-auto,build,131072,0.000000,1,5,1.670620,3380627499038836606,4968728225037113093,11,multiplicative,mul64
better-mphf-auto,build,131072,0.000000,1,6,1.669930,3380627499038836606,4968728225037113093,11,multiplicative,mul64
better-mphf-auto,lookup,131072,0.000000,1,0,2.950410,3380627499038836606,4968728225037113093,11,multiplicative,mul64
better-mphf-auto,lookup,131072,0.000000,1,1,2.941860,3380627499038836606,4968728225037113093,11,multiplicative,mul64
better-mphf-auto,lookup,131072,0.000000,1,2,2.942779,3380627499038836606,4968728225037113093,11,multiplicative,mul64
better-mphf-auto,lookup,131072,0.000000,1,3,2.941340,3380627499038836606,4968728225037113093,11,multiplicative,mul64
better-mphf-auto,lookup,131072,0.000000,1,4,2.939900,3380627499038836606,4968728225037113093,11,multiplicative,mul64
better-mphf-auto,build,262144,0.000000,1,0,3.365129,3380627499038836606,4968728225037113093,11,multiplicative,mul64
better-mphf-auto,build,262144,0.000000,1,1,3.362570,3380627499038836606,4968728225037113093,11,multiplicative,mul64
better-mphf-auto,build,262144,0.000000,1,2,3.373640,3380627499038836606,4968728225037113093,11,multiplicative,mul64
better-mphf-auto,build,262144,0.000000,1,3,3.379340,3380627499038836606,4968728225037113093,11,multiplicative,mul64
better-mphf-auto,build,262144,0.000000,1,4,3.369780,3380627499038836606,4968728225037113093,11,multiplicative,mul64
better-mphf-auto,build,262144,0.000000,1,5,3.388269,3380627499038836606,4968728225037113093,11,multiplicative,mul64
better-mphf-auto,build,262144,0.000000,1,6,3.360539,3380627499038836606,4968728225037113093,11,multiplicative,mul64
better-mphf-auto,lookup,262144,0.000000,1,0,6.048710,3380627499038836606,4968728225037113093,11,multiplicative,mul64
better-mphf-auto,lookup,262144,0.000000,1,1,6.093209,3380627499038836606,4968728225037113093,11,multiplicative,mul64
better-mphf-auto,lookup,262144,0.000000,1,2,6.030010,3380627499038836606,4968728225037113093,11,multiplicative,mul64
better-mphf-auto,lookup,262144,0.000000,1,3,6.043699,3380627499038836606,4968728225037113093,11,multiplicative,mul64
better-mphf-auto,lookup,262144,0.000000,1,4,6.043400,3380627499038836606,4968728225037113093,11,multiplicative,mul64
better-mphf-auto,build,524288,0.000000,1,0,10.575540,3380627499038836606,4968728225037113093,11,multiplicative,mul64
better-mphf-auto,build,524288,0.000000,1,1,10.680929,3380627499038836606,4968728225037113093,11,multiplicative,mul64
better-mphf-auto,build,524288,0.000000,1,2,10.593860,3380627499038836606,4968728225037113093,11,multiplicative,mul64
better-mphf-auto,build,524288,0.000000,1,3,10.904599,3380627499038836606,4968728225037113093,11,multiplicative,mul64
better-mphf-auto,build,524288,0.000000,1,4,10.604489,3380627499038836606,4968728225037113093,11,multiplicative,mul64
better-mphf-auto,build,524288,0.000000,1,5,10.585770,3380627499038836606,4968728225037113093,11,multiplicative,mul64
better-mphf-auto,build,524288,0.000000,1,6,10.594549,3380627499038836606,4968728225037113093,11,multiplicative,mul64
better-mphf-auto,lookup,524288,0.000000,1,0,12.586140,3380627499038836606,4968728225037113093,11,multiplicative,mul64
better-mphf-auto,lookup,524288,0.000000,1,1,12.577059,3380627499038836606,4968728225037113093,11,multiplicative,mul64
better-mphf-auto,lookup,524288,0.000000,1,2,12.569669,3380627499038836606,4968728225037113093,11,multiplicative,mul64
better-mphf-auto,lookup,524288,0.000000,1,3,12.576029,3380627499038836606,4968728225037113093,11,multiplicative,mul64
better-mphf-auto,lookup,524288,0.000000,1,4,12.724280,3380627499038836606,4968728225037113093,11,multiplicative,mul64
better-mphf-auto,build,1048576,0.000000,1,0,14.263949,3380627499038836606,4968728225037113093,11,multiplicative,mul64
better-mphf-auto,build,1048576,0.000000,1,1,14.521849,3380627499038836606,4968728225037113093,11,multiplicative,mul64
better-mphf-auto,build,1048576,0.000000,1,2,14.368369,3380627499038836606,4968728225037113093,11,multiplicative,mul64
better-mphf-auto,build,1048576,0.000000,1,3,14.336989,3380627499038836606,4968728225037113093,11,multiplicative,mul64
better-mphf-auto,build,1048576,0.000000,1,4,14.313070,3380627499038836606,4968728225037113093,11,multiplicative,mul64
better-mphf-auto,build,1048576,0.000000,1,5,14.298519,3380627499038836606,4968728225037113093,11,multiplicative,mul64
better-mphf-auto,build,1048576,0.000000,1,6,14.263969,3380627499038836606,4968728225037113093,11,multiplicative,mul64
better-mphf-auto,lookup,1048576,0.000000,1,0,28.815188,3380627499038836606,4968728225037113093,11,multiplicative,mul64
better-mphf-auto,lookup,1048576,0.000000,1,1,28.836079,3380627499038836606,4968728225037113093,11,multiplicative,mul64
better-mphf-auto,lookup,1048576,0.000000,1,2,28.776228,3380627499038836606,4968728225037113093,11,multiplicative,mul64
better-mphf-auto,lookup,1048576,0.000000,1,3,28.776518,3380627499038836606,4968728225037113093,11,multiplicative,mul64
better-mphf-auto,lookup,1048576,0.000000,1,4,28.952688,3380627499038836606,4968728225037113093,11,multiplicative,mul64
better-mphf-auto,build,2097152,0.000000,1,0,46.061597,3380627499038836606,4968728225037113093,11,multiplicative,mul64
better-mphf-auto,build,2097152,0.000000,1,1,46.877177,3380627499038836606,4968728225037113093,11,multiplicative,mul64
better-mphf-auto,build,2097152,0.000000,1,2,45.184667,3380627499038836606,4968728225037113093,11,multiplicative,mul64
better-mphf-auto,build,2097152,0.000000,1,3,44.944598,3380627499038836606,4968728225037113093,11,multiplicative,mul64
better-mphf-auto,build,2097152,0.000000,1,4,44.888747,3380627499038836606,4968728225037113093,11,multiplicative,mul64
better-mphf-auto,build,2097152,0.000000,1,5,44.608407,3380627499038836606,4968728225037113093,11,multiplicative,mul64
better-mphf-auto,build,2097152,0.000000,1,6,44.851348,3380627499038836606,4968728225037113093,11,multiplicative,mul64
better-mphf-auto,lookup,2097152,0.000000,1,0,66.772966,3380627499038836606,4968728225037113093,11,multiplicative,mul64
better-mphf-auto,lookup,2097152,0.000000,1,1,67.358336,3380627499038836606,4968728225037113093,11,multiplicative,mul64
better-mphf-auto,lookup,2097152,0.000000,1,2,67.933376,3380627499038836606,4968728225037113093,11,multiplicative,mul64
better-mphf-auto,lookup,2097152,0.000000,1,3,67.145536,3380627499038836606,4968728225037113093,11,multiplicative,mul64
better-mphf-auto,lookup,2097152,0.000000,1,4,67.886306,3380627499038836606,4968728225037113093,11,multiplicative,mul64
better-mphf-auto,build,512,0.000000,1,0,0.012210,10732231271750015663,17402297285804802249,12,multiplicative,mul64
better-mphf-auto,build,512,0.000000,1,1,0.011640,10732231271750015663,17402297285804802249,12,multiplicative,mul64
better-mphf-auto,build,512,0.000000,1,2,0.011820,10732231271750015663,17402297285804802249,12,multiplicative,mul64
better-mphf-auto,build,512,0.000000,1,3,0.011830,10732231271750015663,17402297285804802249,12,multiplicative,mul64
better-mphf-auto,build,512,0.000000,1,4,0.011830,10732231271750015663,17402297285804802249,12,multiplicative,mul64
better-mphf-auto,build,512,0.000000,1,5,0.011840,10732231271750015663,17402297285804802249,12,multiplicative,mul64
better-mphf-auto,build,512,0.000000,1,6,0.011820,10732231271750015663,17402297285804802249,12,multiplicative,mul64
better-mphf-auto,lookup,512,0.000000,1,0,0.010480,10732231271750015663,17402297285804802249,12,multiplicative,mul64
better-mphf-auto,lookup,512,0.000000,1,1,0.009900,10732231271750015663,17402297285804802249,12,multiplicative,mul64
better-mphf-auto,lookup,512,0.000000,1,2,0.006530,10732231271750015663,17402297285804802249,12,multiplicative,mul64
better-mphf-auto,lookup,512,0.000000,1,3,0.006300,10732231271750015663,17402297285804802249,12,multiplicative,mul64
better-mphf-auto,lookup,512,0.000000,1,4,0.006200,10732231271750015663,17402297285804802249,12,multiplicative,mul64
better-mphf-auto,build,1024,0.000000,1,0,0.013490,10732231271750015663,17402297285804802249,12,multiplicative,mul64
better-mphf-auto,build,1024,0.000000,1,1,0.012780,10732231271750015663,17402297285804802249,12,multiplicative,mul64
better-mphf-auto,build,1024,0.000000,1,2,0.012680,10732231271750015663,17402297285804802249,12,multiplicative,mul64
better-mphf-auto,build,1024,0.000000,1,3,0.012520,10732231271750015663,17402297285804802249,12,multiplicative,mul64
better-mphf-auto,build,1024,0.000000,1,4,0.012600,10732231271750015663,17402297285804802249,12,multiplicative,mul64
better-mphf-auto,build,1024,0.000000,1,5,0.012610,10732231271750015663,17402297285804802249,12,multiplicative,mul64
better-mphf-auto,build,1024,0.000000,1,6,0.012610,10732231271750015663,17402297285804802249,12,multiplicative,mul64
better-mphf-auto,lookup,1024,0.000000,1,0,0.020650,10732231271750015663,17402297285804802249,12,multiplicative,mul64
better-mphf-auto,lookup,1024,0.000000,1,1,0.019830,10732231271750015663,17402297285804802249,12,multiplicative,mul64
better-mphf-auto,lookup,1024,0.000000,1,2,0.012540,10732231271750015663,17402297285804802249,12,multiplicative,mul64
better-mphf-auto,lookup,1024,0.000000,1,3,0.012100,10732231271750015663,17402297285804802249,12,multiplicative,mul64
better-mphf-auto,lookup,1024,0.000000,1,4,0.012030,10732231271750015663,17402297285804802249,12,multiplicative,mul64
better-mphf-auto,build,2048,0.000000,1,0,0.030940,10732231271750015663,17402297285804802249,12,multiplicative,mul64
better-mphf-auto,build,2048,0.000000,1,1,0.029920,10732231271750015663,17402297285804802249,12,multiplicative,mul64
better-mphf-auto,build,2048,0.000000,1,2,0.029780,10732231271750015663,17402297285804802249,12,multiplicative,mul64
better-mphf-auto,build,2048,0.000000,1,3,0.032100,10732231271750015663,17402297285804802249,12,multiplicative,mul64
better-mphf-auto,build,2048,0.000000,1,4,0.029910,10732231271750015663,17402297285804802249,12,multiplicative,mul64
better-mphf-auto,build,2048,0.000000,1,5,0.029800,10732231271750015663,17402297285804802249,12,multiplicative,mul64
better-mphf-auto,build,2048,0.000000,1,6,0.030390,10732231271750015663,17402297285804802249,12,multiplicative,mul64
better-mphf-auto,lookup,2048,0.000000,1,0,0.049920,10732231271750015663,17402297285804802249,12,multiplicative,mul64
better-mphf-auto,lookup,2048,0.000000,1,1,0.048280,10732231271750015663,17402297285804802249,12,multiplicative,mul64
better-mphf-auto,lookup,2048,0.000000,1,2,0.031090,10732231271750015663,17402297285804802249,12,multiplicative,mul64
better-mphf-auto,lookup,2048,0.000000,1,3,0.029560,10732231271750015663,17402297285804802249,12,multiplicative,mul64
better-mphf-auto,lookup,2048,0.000000,1,4,0.029500,10732231271750015663,17402297285804802249,12,multiplicative,mul64
better-mphf-auto,build,4096,0.000000,1,0,0.089750,10732231271750015663,17402297285804802249,12,multiplicative,mul64
better-mphf-auto,build,4096,0.000000,1,1,0.086040,10732231271750015663,17402297285804802249,12,multiplicative,mul64
better-mphf-auto,build,4096,0.000000,1,2,0.085160,10732231271750015663,17402297285804802249,12,multiplicative,mul64
better-mphf-auto,build,4096,0.000000,1,3,0.085370,10732231271750015663,17402297285804802249,12,multiplicative,mul64
better-mphf-auto,build,4096,0.000000,1,4,0.089480,10732231271750015663,17402297285804802249,12,multiplicative,mul64
better-mphf-auto,build,4096,0.000000,1,5,0.085580,10732231271750015663,17402297285804802249,12,multiplicative,mul64
better-mphf-auto,build,4096,0.000000,1,6,0.085420,10732231271750015663,17402297285804802249,12,multiplicative,mul64
better-mphf-auto,lookup,4096,0.000000,1,0,0.190160,10732231271750015663,17402297285804802249,12,multiplicative,mul64
better-mphf-auto,lookup,4096,0.000000,1,1,0.186370,10732231271750015663,17402297285804802249,12,multiplicative,mul64
better-mphf-auto,lookup,4096,0.000000,1,2,0.123270,10732231271750015663,17402297285804802249,12,multiplicative,mul64
better-mphf-auto,lookup,4096,0.000000,1,3,0.110210,10732231271750015663,17402297285804802249,12,multiplicative,mul64
better-mphf-auto,lookup,4096,0.000000,1,4,0.109470,10732231271750015663,17402297285804802249,12,multiplicative,mul64
better-mphf-auto,build,8192,0.000000,1,0,0.177160,10732231271750015663,17402297285804802249,12,multiplicative,mul64
better-mphf-auto,build,8192,0.000000,1,1,0.203580,10732231271750015663,17402297285804802249,12,multiplicative,mul64
better-mphf-auto,build,8192,0.000000,1,2,0.170950,10732231271750015663,17402297285804802249,12,multiplicative,mul64
better-mphf-auto,build,8192,0.000000,1,3,0.167930,10732231271750015663,17402297285804802249,12,multiplicative,mul64
better-mphf-auto,build,8192,0.000000,1,4,0.171910,10732231271750015663,17402297285804802249,12,multiplicative,mul64
better-mphf-auto,build,8192,0.000000,1,5,0.168010,10732231271750015663,17402297285804802249,12,multiplicative,mul64
better-mphf-auto,build,8192,0.000000,1,6,0.167430,10732231271750015663,17402297285804802249,12,multiplicative,mul64
better-mphf-auto,lookup,8192,0.000000,1,0,0.352980,10732231271750015663,17402297285804802249,12,multiplicative,mul64
better-mphf-auto,lookup,8192,0.000000,1,1,0.359110,10732231271750015663,17402297285804802249,12,multiplicative,mul64
better-mphf-auto,lookup,8192,0.000000,1,2,0.258470,10732231271750015663,17402297285804802249,12,multiplicative,mul64
better-mphf-auto,lookup,8192,0.000000,1,3,0.210750,10732231271750015663,17402297285804802249,12,multiplicative,mul64
better-mphf-auto,lookup,8192,0.000000,1,4,0.202920,10732231271750015663,17402297285804802249,12,multiplicative,mul64
better-mphf-auto,build,16384,0.000000,1,0,0.277240,10732231271750015663,17402297285804802249,12,multiplicative,mul64
better-mphf-auto,build,16384,0.000000,1,1,0.256260,10732231271750015663,17402297285804802249,12,multiplicative,mul64
better-mphf-auto,build,16384,0.000000,1,2,0.242600,10732231271750015663,17402297285804802249,12,multiplicative,mul64
better-mphf-auto,build,16384,0.000000,1,3,0.241040,10732231271750015663,17402297285804802249,12,multiplicative,mul64
better-mphf-auto,build,16384,0.000000,1,4,0.241271,10732231271750015663,17402297285804802249,12,multiplicative,mul64
better-mphf-auto,build,16384,0.000000,1,5,0.251431,10732231271750015663,17402297285804802249,12,multiplicative,mul64
better-mphf-auto,build,16384,0.000000,1,6,0.242331,10732231271750015663,17402297285804802249,12,multiplicative,mul64
better-mphf-auto,lookup,16384,0.000000,1,0,0.775420,10732231271750015663,17402297285804802249,12,multiplicative,mul64
better-mphf-auto,lookup,16384,0.000000,1,1,0.772440,10732231271750015663,17402297285804802249,12,multiplicative,mul64
better-mphf-auto,lookup,16384,0.000000,1,2,0.739670,10732231271750015663,17402297285804802249,12,multiplicative,mul64
better-mphf-auto,lookup,16384,0.000000,1,3,0.685150,10732231271750015663,17402297285804802249,12,multiplicative,mul64
better-mphf-auto,lookup,16384,0.000000,1,4,0.658650,10732231271750015663,17402297285804802249,12,multiplicative,mul64
better-mphf-auto,build,32768,0.000000,1,0,0.454240,10732231271750015663,17402297285804802249,12,multiplicative,mul64
better-mphf-auto,build,32768,0.000000,1,1,0.454350,10732231271750015663,17402297285804802249,12,multiplicative,mul64
better-mphf-auto,build,32768,0.000000,1,2,0.390490,10732231271750015663,17402297285804802249,12,multiplicative,mul64
better-mphf-auto,build,32768,0.000000,1,3,0.360210,10732231271750015663,17402297285804802249,12,multiplicative,mul64
better-mphf-auto,build,32768,0.000000,1,4,0.316910,10732231271750015663,17402297285804802249,12,multiplicative,mul64
better-mphf-auto,build,32768,0.000000,1,5,0.298340,10732231271750015663,17402297285804802249,12,multiplicative,mul64
better-mphf-auto,build,32768,0.000000,1,6,0.302110,10732231271750015663,17402297285804802249,12,multiplicative,mul64
better-mphf-auto,lookup,32768,0.000000,1,0,0.717190,10732231271750015663,17402297285804802249,12,multiplicative,mul64
better-mphf-auto,lookup,32768,0.000000,1,1,0.695500,10732231271750015663,17402297285804802249,12,multiplicative,mul64
better-mphf-auto,lookup,32768,0.000000,1,2,0.710170,10732231271750015663,17402297285804802249,12,multiplicative,mul64
better-mphf-auto,lookup,32768,0.000000,1,3,0.725490,10732231271750015663,17402297285804802249,12,multiplicative,mul64
better-mphf-auto,lookup,32768,0.000000,1,4,0.738540,10732231271750015663,17402297285804802249,12,multiplicative,mul64
better-mphf-auto,build,65536,0.000000,1,0,2.262000,10732231271750015663,17402297285804802249,12,multiplicative,mul64
better-mphf-auto,build,65536,0.000000,1,1,2.232339,10732231271750015663,17402297285804802249,12,multiplicative,mul64
better-mphf-auto,build,65536,0.000000,1,2,2.088220,10732231271750015663,17402297285804802249,12,multiplicative,mul64
better-mphf-auto,build,65536,0.000000,1,3,1.939049,10732231271750015663,17402297285804802249,12,multiplicative,mul64
better-mphf-auto,build,65536,0.000000,1,4,1.814680,10732231271750015663,17402297285804802249,12,multiplicative,mul64
better-mphf-auto,build,65536,0.000000,1,5,1.764570,10732231271750015663,17402297285804802249,12,multiplicative,mul64
better-mphf-auto,build,65536,0.000000,1,6,1.702720,10732231271750015663,17402297285804802249,12,multiplicative,mul64
better-mphf-auto,lookup,65536,0.000000,1,0,1.430920,10732231271750015663,17402297285804802249,12,multiplicative,mul64
better-mphf-auto,lookup,65536,0.000000,1,1,1.420690,10732231271750015663,17402297285804802249,12,multiplicative,mul64
better-mphf-auto,lookup,65536,0.000000,1,2,1.403700,10732231271750015663,17402297285804802249,12,multiplicative,mul64
better-mphf-auto,lookup,65536,0.000000,1,3,1.402679,10732231271750015663,17402297285804802249,12,multiplicative,mul64
better-mphf-auto,lookup,65536,0.000000,1,4,1.405591,10732231271750015663,17402297285804802249,12,multiplicative,mul64
better-mphf-auto,build,131072,0.000000,1,0,2.045500,10732231271750015663,17402297285804802249,12,multiplicative,mul64
better-mphf-auto,build,131072,0.000000,1,1,2.026690,10732231271750015663,17402297285804802249,12,multiplicative,mul64
better-mphf-auto,build,131072,0.000000,1,2,2.032930,10732231271750015663,17402297285804802249,12,multiplicative,mul64
better-mphf-auto,build,131072,0.000000,1,3,2.024510,10732231271750015663,17402297285804802249,12,multiplicative,mul64
better-mphf-auto,build,131072,0.000000,1,4,2.035050,10732231271750015663,17402297285804802249,12,multiplicative,mul64
better-mphf-auto,build,131072,0.000000,1,5,2.021390,10732231271750015663,17402297285804802249,12,multiplicative,mul64
better-mphf-auto,build,131072,0.000000,1,6,2.025871,10732231271750015663,17402297285804802249,12,multiplicative,mul64
better-mphf-auto,lookup,131072,0.000000,1,0,2.940050,10732231271750015663,17402297285804802249,12,multiplicative,mul64
better-mphf-auto,lookup,131072,0.000000,1,1,2.933170,10732231271750015663,17402297285804802249,12,multiplicative,mul64
better-mphf-auto,lookup,131072,0.000000,1,2,2.922440,10732231271750015663,17402297285804802249,12,multiplicative,mul64
better-mphf-auto,lookup,131072,0.000000,1,3,2.929570,10732231271750015663,17402297285804802249,12,multiplicative,mul64
better-mphf-auto,lookup,131072,0.000000,1,4,2.933079,10732231271750015663,17402297285804802249,12,multiplicative,mul64
better-mphf-auto,build,262144,0.000000,1,0,3.258860,10732231271750015663,17402297285804802249,12,multiplicative,mul64
better-mphf-auto,build,262144,0.000000,1,1,3.266130,10732231271750015663,17402297285804802249,12,multiplicative,mul64
better-mphf-auto,build,262144,0.000000,1,2,3.264639,10732231271750015663,17402297285804802249,12,multiplicative,mul64
better-mphf-auto,build,262144,0.000000,1,3,3.343350,10732231271750015663,17402297285804802249,12,multiplicative,mul64
better-mphf-auto,build,262144,0.000000,1,4,3.261690,10732231271750015663,17402297285804802249,12,multiplicative,mul64
better-mphf-auto,build,262144,0.000000,1,5,3.275820,10732231271750015663,17402297285804802249,12,multiplicative,mul64
better-mphf-auto,build,262144,0.000000,1,6,3.266860,10732231271750015663,17402297285804802249,12,multiplicative,mul64
better-mphf-auto,lookup,262144,0.000000,1,0,6.033199,10732231271750015663,17402297285804802249,12,multiplicative,mul64
better-mphf-auto,lookup,262144,0.000000,1,1,6.019350,10732231271750015663,17402297285804802249,12,multiplicative,mul64
better-mphf-auto,lookup,262144,0.000000,1,2,6.020190,10732231271750015663,17402297285804802249,12,multiplicative,mul64
better-mphf-auto,lookup,262144,0.000000,1,3,6.013479,10732231271750015663,17402297285804802249,12,multiplicative,mul64
better-mphf-auto,lookup,262144,0.000000,1,4,6.008160,10732231271750015663,17402297285804802249,12,multiplicative,mul64
better-mphf-auto,build,524288,0.000000,1,0,6.744519,10732231271750015663,17402297285804802249,12,multiplicative,mul64
better-mphf-auto,build,524288,0.000000,1,1,6.831930,10732231271750015663,17402297285804802249,12,multiplicative,mul64
better-mphf-auto,build,524288,0.000000,1,2,6.732919,10732231271750015663,17402297285804802249,12,multiplicative,mul64
better-mphf-auto,build,524288,0.000000,1,3,6.729100,10732231271750015663,17402297285804802249,12,multiplicative,mul64
better-mphf-auto,build,524288,0.000000,1,4,6.739620,10732231271750015663,17402297285804802249,12,multiplicative,mul64
better-mphf-auto,build,524288,0.000000,1,5,6.713629,10732231271750015663,17402297285804802249,12,multiplicative,mul64
better-mphf-auto,build,524288,0.000000,1,6,6.739160,10732231271750015663,17402297285804802249,12,multiplicative,mul64
better-mphf-auto,lookup,524288,0.000000,1,0,12.593110,10732231271750015663,17402297285804802249,12,multiplicative,mul64
better-mphf-auto,lookup,524288,0.000000,1,1,12.587169,10732231271750015663,17402297285804802249,12,multiplicative,mul64
better-mphf-auto,lookup,524288,0.000000,1,2,12.580719,10732231271750015663,17402297285804802249,12,multiplicative,mul64
better-mphf-auto,lookup,524288,0.000000,1,3,12.559769,10732231271750015663,17402297285804802249,12,multiplicative,mul64
better-mphf-auto,lookup,524288,0.000000,1,4,12.576769,10732231271750015663,17402297285804802249,12,multiplicative,mul64
better-mphf-auto,build,1048576,0.000000,1,0,15.513790,10732231271750015663,17402297285804802249,12,multiplicative,mul64
better-mphf-auto,build,1048576,0.000000,1,1,15.630389,10732231271750015663,17402297285804802249,12,multiplicative,mul64
better-mphf-auto,build,1048576,0.000000,1,2,15.449709,10732231271750015663,17402297285804802249,12,multiplicative,mul64
better-mphf-auto,build,1048576,0.000000,1,3,15.567619,10732231271750015663,17402297285804802249,12,multiplicative,mul64
better-mphf-auto,build,1048576,0.000000,1,4,15.513869,10732231271750015663,17402297285804802249,12,multiplicative,mul64
better-mphf-auto,build,1048576,0.000000,1,5,15.517009,10732231271750015663,17402297285804802249,12,multiplicative,mul64
better-mphf-auto,build,1048576,0.000000,1,6,15.539189,10732231271750015663,17402297285804802249,12,multiplicative,mul64
better-mphf-auto,lookup,1048576,0.000000,1,0,28.825268,10732231271750015663,17402297285804802249,12,multiplicative,mul64
better-mphf-auto,lookup,1048576,0.000000,1,1,28.985938,10732231271750015663,17402297285804802249,12,multiplicative,mul64
better-mphf-auto,lookup,1048576,0.000000,1,2,28.930998,10732231271750015663,17402297285804802249,12,multiplicative,mul64
better-mphf-auto,lookup,1048576,0.000000,1,3,28.935238,10732231271750015663,17402297285804802249,12,multiplicative,mul64
better-mphf-auto,lookup,1048576,0.000000,1,4,29.003778,10732231271750015663,17402297285804802249,12,multiplicative,mul64
better-mphf-auto,build,2097152,0.000000,1,0,47.398738,10732231271750015663,17402297285804802249,12,multiplicative,mul64
better-mphf-auto,build,2097152,0.000000,1,1,47.087677,10732231271750015663,17402297285804802249,12,multiplicative,mul64
better-mphf-auto,build,2097152,0.000000,1,2,47.968997,10732231271750015663,17402297285804802249,12,multiplicative,mul64
better-mphf-auto,build,2097152,0.000000,1,3,49.848507,10732231271750015663,17402297285804802249,12,multiplicative,mul64
better-mphf-auto,build,2097152,0.000000,1,4,47.454977,10732231271750015663,17402297285804802249,12,multiplicative,mul64
better-mphf-auto,build,2097152,0.000000,1,5,47.427297,10732231271750015663,17402297285804802249,12,multiplicative,mul64
better-mphf-auto,build,2097152,0.000000,1,6,47.519277,10732231271750015663,17402297285804802249,12,multiplicative,mul64
better-mphf-auto,lookup,2097152,0.000000,1,0,67.174606,10732231271750015663,17402297285804802249,12,multiplicative,mul64
better-mphf-auto,lookup,2097152,0.000000,1,1,66.900756,10732231271750015663,17402297285804802249,12,multiplicative,mul64
better-mphf-auto,lookup,2097152,0.000000,1,2,68.412146,10732231271750015663,17402297285804802249,12,multiplicative,mul64
better-mphf-auto,lookup,2097152,0.000000,1,3,66.841056,10732231271750015663,17402297285804802249,12,multiplicative,mul64
better-mphf-auto,lookup,2097152,0.000000,1,4,66.864396,10732231271750015663,17402297285804802249,12,multiplicative,mul64
better-mphf-auto,build,512,0.000000,1,0,0.006580,1133370055713099201,12046498118689759338,13,multiplicative,mul64
better-mphf-auto,build,512,0.000000,1,1,0.006151,1133370055713099201,12046498118689759338,13,multiplicative,mul64
better-mphf-auto,build,512,0.000000,1,2,0.006109,1133370055713099201,12046498118689759338,13,multiplicative,mul64
better-mphf-auto,build,512,0.000000,1,3,0.006100,1133370055713099201,12046498118689759338,13,multiplicative,mul64
better-mphf-auto,build,512,0.000000,1,4,0.006100,1133370055713099201,12046498118689759338,13,multiplicative,mul64
better-mphf-auto,build,512,0.000000,1,5,0.006109,1133370055713099201,12046498118689759338,13,multiplicative,mul64
better-mphf-auto,build,512,0.000000,1,6,0.006100,1133370055713099201,12046498118689759338,13,multiplicative,mul64
better-mphf-auto,lookup,512,0.000000,1,0,0.011200,1133370055713099201,12046498118689759338,13,multiplicative,mul64
better-mphf-auto,lookup,512,0.000000,1,1,0.010689,1133370055713099201,12046498118689759338,13,multiplicative,mul64
better-mphf-auto,lookup,512,0.000000,1,2,0.006891,1133370055713099201,12046498118689759338,13,multiplicative,mul64
better-mphf-auto,lookup,512,0.000000,1,3,0.006540,1133370055713099201,12046498118689759338,13,multiplicative,mul64
better-mphf-auto,lookup,512,0.000000,1,4,0.006520,1133370055713099201,12046498118689759338,13,multiplicative,mul64
better-mphf-auto,build,1024,0.000000,1,0,0.013080,1133370055713099201,12046498118689759338,13,multiplicative,mul64
better-mphf-auto,build,1024,0.000000,1,1,0.012500,1133370055713099201,12046498118689759338,13,multiplicative,mul64
better-mphf-auto,build,1024,0.000000,1,2,0.012349,1133370055713099201,12046498118689759338,13,multiplicative,mul64
better-mphf-auto,build,1024,0.000000,1,3,0.012320,1133370055713099201,12046498118689759338,13,multiplicative,mul64
better-mphf-auto,build,1024,0.000000,1,4,0.012271,1133370055713099201,12046498118689759338,13,multiplicative,mul64
better-mphf-auto,build,1024,0.000000,1,5,0.012289,1133370055713099201,12046498118689759338,13,multiplicative,mul64
better-mphf-auto,build,1024,0.000000,1,6,0.012311,1133370055713099201,12046498118689759338,13,multiplicative,mul64
better-mphf-auto,lookup,1024,0.000000,1,0,0.020400,1133370055713099201,12046498118689759338,13,multiplicative,mul64
better-mphf-auto,lookup,1024,0.000000,1,1,0.019949,1133370055713099201,12046498118689759338,13,multiplicative,mul64
better-mphf-auto,lookup,1024,0.000000,1,2,0.012800,1133370055713099201,12046498118689759338,13,multiplicative,mul64
better-mphf-auto,lookup,1024,0.000000,1,3,0.012351,1133370055713099201,12046498118689759338,13,multiplicative,mul64
better-mphf-auto,lookup,1024,0.000000,1,4,0.012320,1133370055713099201,12046498118689759338,13,multiplicative,mul64
better-mphf-auto,build,2048,0.000000,1,0,0.016710,1133370055713099201,12046498118689759338,13,multiplicative,mul64
better-mphf-auto,build,2048,0.000000,1,1,0.015690,1133370055713099201,12046498118689759338,13,multiplicative,mul64
better-mphf-auto,build,2048,0.000000,1,2,0.015610,1133370055713099201,12046498118689759338,13,multiplicative,mul64
better-mphf-auto,build,2048,0.000000,1,3,0.017550,1133370055713099201,12046498118689759338,13,multiplicative,mul64
better-mphf-auto,build,2048,0.000000,1,4,0.015630,1133370055713099201,12046498118689759338,13,multiplicative,mul64
better-mphf-auto,build,2048,0.000000,1,5,0.015890,1133370055713099201,12046498118689759338,13,multiplicative,mul64
better-mphf-auto,build,2048,0.000000,1,6,0.015840,1133370055713099201,12046498118689759338,13,multiplicative,mul64
better-mphf-auto,lookup,2048,0.000000,1,0,0.042620,1133370055713099201,12046498118689759338,13,multiplicative,mul64
better-mphf-auto,lookup,2048,0.000000,1,1,0.041400,1133370055713099201,12046498118689759338,13,multiplicative,mul64
better-mphf-auto,lookup,2048,0.000000,1,2,0.026300,1133370055713099201,12046498118689759338,13,multiplicative,mul64
better-mphf-auto,lookup,2048,0.000000,1,3,0.024880,1133370055713099201,12046498118689759338,13,multiplicative,mul64
better-mphf-auto,lookup,2048,0.000000,1,4,0.024790,1133370055713099201,12046498118689759338,13,multiplicative,mul64
better-mphf-auto,build,4096,0.000000,1,0,0.035929,1133370055713099201,12046498118689759338,13,multiplicative,mul64
better-mphf-auto,build,4096,0.000000,1,1,0.033500,1133370055713099201,12046498118689759338,13,multiplicative,mul64
better-mphf-auto,build,4096,0.000000,1,2,0.033429,1133370055713099201,12046498118689759338,13,multiplicative,mul64
better-mphf-auto,build,4096,0.000000,1,3,0.033251,1133370055713099201,12046498118689759338,13,multiplicative,mul64
better-mphf-auto,build,4096,0.000000,1,4,0.035209,1133370055713099201,12046498118689759338,13,multiplicative,mul64
better-mphf-auto,build,4096,0.000000,1,5,0.033291,1133370055713099201,12046498118689759338,13,multiplicative,mul64
better-mphf-auto,build,4096,0.000000,1,6,0.033129,1133370055713099201,12046498118689759338,13,multiplicative,mul64
better-mphf-auto,lookup,4096,0.000000,1,0,0.095369,1133370055713099201,12046498118689759338,13,multiplicative,mul64
better-mphf-auto,lookup,4096,0.000000,1,1,0.084080,1133370055713099201,12046498118689759338,13,multiplicative,mul64
better-mphf-auto,lookup,4096,0.000000,1,2,0.054980,1133370055713099201,12046498118689759338,13,multiplicative,mul64
better-mphf-auto,lookup,4096,0.000000,1,3,0.050160,1133370055713099201,12046498118689759338,13,multiplicative,mul64
better-mphf-auto,lookup,4096,0.000000,1,4,0.049951,1133370055713099201,12046498118689759338,13,multiplicative,mul64
better-mphf-auto,build,8192,0.000000,1,0,0.125220,1133370055713099201,12046498118689759338,13,multiplicative,mul64
better-mphf-auto,build,8192,0.000000,1,1,0.100890,1133370055713099201,12046498118689759338,13,multiplicative,mul64
better-mphf-auto,build,8192,0.000000,1,2,0.096020,1133370055713099201,12046498118689759338,13,multiplicative,mul64
better-mphf-auto,build,8192,0.000000,1,3,0.096390,1133370055713099201,12046498118689759338,13,multiplicative,mul64
better-mphf-auto,build,8192,0.000000,1,4,0.098470,1133370055713099201,12046498118689759338,13,multiplicative,mul64
better-mphf-auto,build,8192,0.000000,1,5,0.095910,1133370055713099201,12046498118689759338,13,multiplicative,mul64
better-mphf-auto,build,8192,0.000000,1,6,0.095940,1133370055713099201,12046498118689759338,13,multiplicative,mul64
better-mphf-auto,lookup,8192,0.000000,1,0,0.193290,1133370055713099201,12046498118689759338,13,multiplicative,mul64
better-mphf-auto,lookup,8192,0.000000,1,1,0.191730,1133370055713099201,12046498118689759338,13,multiplicative,mul64
better-mphf-auto,lookup,8192,0.000000,1,2,0.143270,1133370055713099201,12046498118689759338,13,multiplicative,mul64
better-mphf-auto,lookup,8192,0.000000,1,3,0.117770,1133370055713099201,12046498118689759338,13,multiplicative,mul64
better-mphf-auto,lookup,8192,0.000000,1,4,0.112680,1133370055713099201,12046498118689759338,13,multiplicative,mul64
better-mphf-auto,build,16384,0.000000,1,0,0.424170,1133370055713099201,12046498118689759338,13,multiplicative,mul64
better-mphf-auto,build,16384,0.000000,1,1,0.447150,1133370055713099201,12046498118689759338,13,multiplicative,mul64
better-mphf-auto,build,16384,0.000000,1,2,0.379740,1133370055713099201,12046498118689759338,13,multiplicative,mul64
better-mphf-auto,build,16384,0.000000,1,3,0.325640,1133370055713099201,12046498118689759338,13,multiplicative,mul64
better-mphf-auto,build,16384,0.000000,1,4,0.316090,1133370055713099201,12046498118689759338,13,multiplicative,mul64
better-mphf-auto,build,16384,0.000000,1,5,0.324890,1133370055713099201,12046498118689759338,13,multiplicative,mul64
better-mphf-auto,build,16384,0.000000,1,6,0.323180,1133370055713099201,12046498118689759338,13,multiplicative,mul64
better-mphf-auto,lookup,16384,0.000000,1,0,0.927180,1133370055713099201,12046498118689759338,13,multiplicative,mul64
better-mphf-auto,lookup,16384,0.000000,1,1,0.906330,1133370055713099201,12046498118689759338,13,multiplicative,mul64
better-mphf-auto,lookup,16384,0.000000,1,2,0.862440,1133370055713099201,12046498118689759338,13,multiplicative,mul64
better-mphf-auto,lookup,16384,0.000000,1,3,0.796000,1133370055713099201,12046498118689759338,13,multiplicative,mul64
better-mphf-auto,lookup,16384,0.000000,1,4,0.750210,1133370055713099201,12046498118689759338,13,multiplicative,mul64
better-mphf-auto,build,32768,0.000000,1,0,0.993570,1133370055713099201,12046498118689759338,13,multiplicative,mul64
better-mphf-auto,build,32768,0.000000,1,1,0.872860,1133370055713099201,12046498118689759338,13,multiplicative,mul64
better-mphf-auto,build,32768,0.000000,1,2,0.774260,1133370055713099201,12046498118689759338,13,multiplicative,mul64
better-mphf-auto,build,32768,0.000000,1,3,0.776290,1133370055713099201,12046498118689759338,13,multiplicative,mul64
better-mphf-auto,build,32768,0.000000,1,4,0.772230,1133370055713099201,12046498118689759338,13,multiplicative,mul64
better-mphf-auto,build,32768,0.000000,1,5,0.758710,1133370055713099201,12046498118689759338,13,multiplicative,mul64
better-mphf-auto,build,32768,0.000000,1,6,0.750740,1133370055713099201,12046498118689759338,13,multiplicative,mul64
better-mphf-auto,lookup,32768,0.000000,1,0,1.850610,1133370055713099201,12046498118689759338,13,multiplicative,mul64
better-mphf-auto,lookup,32768,0.000000,1,1,1.735860,1133370055713099201,12046498118689759338,13,multiplicative,mul64
better-mphf-auto,lookup,32768,0.000000,1,2,1.726500,1133370055713099201,12046498118689759338,13,multiplicative,mul64
better-mphf-auto,lookup,32768,0.000000,1,3,1.722999,1133370055713099201,12046498118689759338,13,multiplicative,mul64
better-mphf-auto,lookup,32768,0.000000,1,4,1.719700,1133370055713099201,12046498118689759338,13,multiplicative,mul64
better-mphf-auto,build,65536,0.000000,1,0,2.981780,1133370055713099201,12046498118689759338,13,multiplicative,mul64
better-mphf-auto,build,65536,0.000000,1,1,2.732679,1133370055713099201,12046498118689759338,13,multiplicative,mul64
better-mphf-auto,build,65536,0.000000,1,2,2.878429,1133370055713099201,12046498118689759338,13,multiplicative,mul64
better-mphf-auto,build,65536,0.000000,1,3,2.922979,1133370055713099201,12046498118689759338,13,multiplicative,mul64
better-mphf-auto,build,65536,0.000000,1,4,2.826690,1133370055713099201,12046498118689759338,13,multiplicative,mul64
better-mphf-auto,build,65536,0.000000,1,5,2.865550,1133370055713099201,12046498118689759338,13,multiplicative,mul64
better-mphf-auto,build,65536,0.000000,1,6,2.857450,1133370055713099201,12046498118689759338,13,multiplicative,mul64
better-mphf-auto,lookup,65536,0.000000,1,0,3.722459,1133370055713099201,12046498118689759338,13,multiplicative,mul64
better-mphf-auto,lookup,65536,0.000000,1,1,3.580570,1133370055713099201,12046498118689759338,13,multiplicative,mul64
better-mphf-auto,lookup,65536,0.000000,1,2,3.513910,1133370055713099201,12046498118689759338,13,multiplicative,mul64
better-mphf-auto,lookup,65536,0.000000,1,3,3.515770,1133370055713099201,12046498118689759338,13,multiplicative,mul64
better-mphf-auto,lookup,65536,0.000000,1,4,3.337540,1133370055713099201,12046498118689759338,13,multiplicative,mul64
better-mphf-auto,build,131072,0.000000,1,0,4.594460,1133370055713099201,12046498118689759338,13,multiplicative,mul64
better-mphf-auto,build,131072,0.000000,1,1,4.642449,1133370055713099201,12046498118689759338,13,multiplicative,mul64
better-mphf-auto,build,131072,0.000000,1,2,4.611300,1133370055713099201,12046498118689759338,13,multiplicative,mul64
better-mphf-auto,build,131072,0.000000,1,3,4.617250,1133370055713099201,12046498118689759338,13,multiplicative,mul64
better-mphf-auto,build,131072,0.000000,1,4,4.596040,1133370055713099201,12046498118689759338,13,multiplicative,mul64
better-mphf-auto,build,131072,0.000000,1,5,4.615230,1133370055713099201,12046498118689759338,13,multiplicative,mul64
better-mphf-auto,build,131072,0.000000,1,6,4.594900,1133370055713099201,12046498118689759338,13,multiplicative,mul64
better-mphf-auto,lookup,131072,0.000000,1,0,6.621569,1133370055713099201,12046498118689759338,13,multiplicative,mul64
better-mphf-auto,lookup,131072,0.000000,1,1,6.329720,1133370055713099201,12046498118689759338,13,multiplicative,mul64
better-mphf-auto,lookup,131072,0.000000,1,2,2.928749,1133370055713099201,12046498118689759338,13,multiplicative,mul64
better-mphf-auto,lookup,131072,0.000000,1,3,2.936340,1133370055713099201,12046498118689759338,13,multiplicative,mul64
better-mphf-auto,lookup,131072,0.000000,1,4,2.927560,1133370055713099201,12046498118689759338,13,multiplicative,mul64
better-mphf-auto,build,262144,0.000000,1,0,3.658579,1133370055713099201,12046498118689759338,13,multiplicative,mul64
better-mphf-auto,build,262144,0.000000,1,1,3.672189,1133370055713099201,12046498118689759338,13,multiplicative,mul64
better-mphf-auto,build,262144,0.000000,1,2,3.630340,1133370055713099201,12046498118689759338,13,multiplicative,mul64
better-mphf-auto,build,262144,0.000000,1,3,3.637890,1133370055713099201,12046498118689759338,13,multiplicative,mul64
better-mphf-auto,build,262144,0.000000,1,4,3.753670,1133370055713099201,12046498118689759338,13,multiplicative,mul64
better-mphf-auto,build,262144,0.000000,1,5,3.667819,1133370055713099201,12046498118689759338,13,multiplicative,mul64
better-mphf-auto,build,262144,0.000000,1,6,3.653830,1133370055713099201,12046498118689759338,13,multiplicative,mul64
better-mphf-auto,lookup,262144,0.000000,1,0,6.003500,1133370055713099201,12046498118689759338,13,multiplicative,mul64
better-mphf-auto,lookup,262144,0.000000,1,1,6.004529,1133370055713099201,12046498118689759338,13,multiplicative,mul64
better-mphf-auto,lookup,262144,0.000000,1,2,6.006330,1133370055713099201,12046498118689759338,13,multiplicative,mul64
better-mphf-auto,lookup,262144,0.000000,1,3,6.013649,1133370055713099201,12046498118689759338,13,multiplicative,mul64
better-mphf-auto,lookup,262144,0.000000,1,4,6.000570,1133370055713099201,12046498118689759338,13,multiplicative,mul64
better-mphf-auto,build,524288,0.000000,1,0,7.477970,1133370055713099201,12046498118689759338,13,multiplicative,mul64
better-mphf-auto,build,524288,0.000000,1,1,7.548929,1133370055713099201,12046498118689759338,13,multiplicative,mul64
better-mphf-auto,build,524288,0.000000,1,2,7.457620,1133370055713099201,12046498118689759338,13,multiplicative,mul64
better-mphf-auto,build,524288,0.000000,1,3,7.487939,1133370055713099201,12046498118689759338,13,multiplicative,mul64
better-mphf-auto,build,524288,0.000000,1,4,7.454440,1133370055713099201,12046498118689759338,13,multiplicative,mul64
better-mphf-auto,build,524288,0.000000,1,5,7.449829,1133370055713099201,12046498118689759338,13,multiplicative,mul64
better-mphf-auto,build,524288,0.000000,1,6,7.494440,1133370055713099201,12046498118689759338,13,multiplicative,mul64
better-mphf-auto,lookup,524288,0.000000,1,0,12.547140,1133370055713099201,12046498118689759338,13,multiplicative,mul64
better-mphf-auto,lookup,524288,0.000000,1,1,12.556379,1133370055713099201,12046498118689759338,13,multiplicative,mul64
better-mphf-auto,lookup,524288,0.000000,1,2,12.595679,1133370055713099201,12046498118689759338,13,multiplicative,mul64
better-mphf-auto,lookup,524288,0.000000,1,3,12.508320,1133370055713099201,12046498118689759338,13,multiplicative,mul64
better-mphf-auto,lookup,524288,0.000000,1,4,12.539519,1133370055713099201,12046498118689759338,13,multiplicative,mul64
better-mphf-auto,build,1048576,0.000000,1,0,20.805389,1133370055713099201,12046498118689759338,13,multiplicative,mul64
better-mphf-auto,build,1048576,0.000000,1,1,21.047779,1133370055713099201,12046498118689759338,13,multiplicative,mul64
better-mphf-auto,build,1048576,0.000000,1,2,20.954328,1133370055713099201,12046498118689759338,13,multiplicative,mul64
better-mphf-auto,build,1048576,0.000000,1,3,20.914278,1133370055713099201,12046498118689759338,13,multiplicative,mul64
better-mphf-auto,build,1048576,0.000000,1,4,20.914929,1133370055713099201,12046498118689759338,13,multiplicative,mul64
better-mphf-auto,build,1048576,0.000000,1,5,20.791369,1133370055713099201,12046498118689759338,13,multiplicative,mul64
better-mphf-auto,build,1048576,0.000000,1,6,20.892779,1133370055713099201,12046498118689759338,13,multiplicative,mul64
better-mphf-auto,lookup,1048576,0.000000,1,0,28.683579,1133370055713099201,12046498118689759338,13,multiplicative,mul64
better-mphf-auto,lookup,1048576,0.000000,1,1,28.785408,1133370055713099201,12046498118689759338,13,multiplicative,mul64
better-mphf-auto,lookup,1048576,0.000000,1,2,28.752538,1133370055713099201,12046498118689759338,13,multiplicative,mul64
better-mphf-auto,lookup,1048576,0.000000,1,3,28.721548,1133370055713099201,12046498118689759338,13,multiplicative,mul64
better-mphf-auto,lookup,1048576,0.000000,1,4,28.774618,1133370055713099201,12046498118689759338,13,multiplicative,mul64
better-mphf-auto,build,2097152,0.000000,1,0,32.063638,1133370055713099201,12046498118689759338,13,multiplicative,mul64
better-mphf-auto,build,2097152,0.000000,1,1,32.085329,1133370055713099201,12046498118689759338,13,multiplicative,mul64
better-mphf-auto,build,2097152,0.000000,1,2,32.483778,1133370055713099201,12046498118689759338,13,multiplicative,mul64
better-mphf-auto,build,2097152,0.000000,1,3,33.926729,1133370055713099201,12046498118689759338,13,multiplicative,mul64
better-mphf-auto,build,2097152,0.000000,1,4,32.103809,1133370055713099201,12046498118689759338,13,multiplicative,mul64
better-mphf-auto,build,2097152,0.000000,1,5,32.052978,1133370055713099201,12046498118689759338,13,multiplicative,mul64
better-mphf-auto,build,2097152,0.000000,1,6,32.185358,1133370055713099201,12046498118689759338,13,multiplicative,mul64
better-mphf-auto,lookup,2097152,0.000000,1,0,66.174816,1133370055713099201,12046498118689759338,13,multiplicative,mul64
better-mphf-auto,lookup,2097152,0.000000,1,1,66.759426,1133370055713099201,12046498118689759338,13,multiplicative,mul64
better-mphf-auto,lookup,2097152,0.000000,1,2,66.160756,1133370055713099201,12046498118689759338,13,multiplicative,mul64
better-mphf-auto,lookup,2097152,0.000000,1,3,66.141966,1133370055713099201,12046498118689759338,13,multiplicative,mul64
better-mphf-auto,lookup,2097152,0.000000,1,4,67.960406,1133370055713099201,12046498118689759338,13,multiplicative,mul64
better-mphf-auto,build,512,0.000000,1,0,0.004530,3538780091478534184,3165205651432927349,14,multiplicative,mul64
better-mphf-auto,build,512,0.000000,1,1,0.004050,3538780091478534184,3165205651432927349,14,multiplicative,mul64
better-mphf-auto,build,512,0.000000,1,2,0.003960,3538780091478534184,3165205651432927349,14,multiplicative,mul64
better-mphf-auto,build,512,0.000000,1,3,0.003950,3538780091478534184,3165205651432927349,14,multiplicative,mul64
better-mphf-auto,build,512,0.000000,1,4,0.003920,3538780091478534184,3165205651432927349,14,multiplicative,mul64
better-mphf-auto,build,512,0.000000,1,5,0.003950,3538780091478534184,3165205651432927349,14,multiplicative,mul64
better-mphf-auto,build,512,0.000000,1,6,0.003930,3538780091478534184,3165205651432927349,14,multiplicative,mul64
better-mphf-auto,lookup,512,0.000000,1,0,0.010530,3538780091478534184,3165205651432927349,14,multiplicative,mul64
better-mphf-auto,lookup,512,0.000000,1,1,0.009870,3538780091478534184,3165205651432927349,14,multiplicative,mul64
better-mphf-auto,lookup,512,0.000000,1,2,0.006280,3538780091478534184,3165205651432927349,14,multiplicative,mul64
better-mphf-auto,lookup,512,0.000000,1,3,0.006030,3538780091478534184,3165205651432927349,14,multiplicative,mul64
better-mphf-auto,lookup,512,0.000000,1,4,0.006010,3538780091478534184,3165205651432927349,14,multiplicative,mul64
better-mphf-auto,build,1024,0.000000,1,0,0.007130,3538780091478534184,3165205651432927349,14,multiplicative,mul64
better-mphf-auto,build,1024,0.000000,1,1,0.006590,3538780091478534184,3165205651432927349,14,multiplicative,mul64
better-mphf-auto,build,1024,0.000000,1,2,0.006520,3538780091478534184,3165205651432927349,14,multiplicative,mul64
better-mphf-auto,build,1024,0.000000,1,3,0.006550,3538780091478534184,3165205651432927349,14,multiplicative,mul64
better-mphf-auto,build,1024,0.000000,1,4,0.006500,3538780091478534184,3165205651432927349,14,multiplicative,mul64
better-mphf-auto,build,1024,0.000000,1,5,0.006520,3538780091478534184,3165205651432927349,14,multiplicative,mul64
better-mphf-auto,build,1024,0.000000,1,6,0.006510,3538780091478534184,3165205651432927349,14,multiplicative,mul64
better-mphf-auto,lookup,1024,0.000000,1,0,0.020220,3538780091478534184,3165205651432927349,14,multiplicative,mul64
better-mphf-auto,lookup,1024,0.000000,1,1,0.019630,3538780091478534184,3165205651432927349,14,multiplicative,mul64
better-mphf-auto,lookup,1024,0.000000,1,2,0.012640,3538780091478534184,3165205651432927349,14,multiplicative,mul64
better-mphf-auto,lookup,1024,0.000000,1,3,0.012040,3538780091478534184,3165205651432927349,14,multiplicative,mul64
better-mphf-auto,lookup,1024,0.000000,1,4,0.012000,3538780091478534184,3165205651432927349,14,multiplicative,mul64
better-mphf-auto,build,2048,0.000000,1,0,0.017330,3538780091478534184,3165205651432927349,14,multiplicative,mul64
better-mphf-auto,build,2048,0.000000,1,1,0.016650,3538780091478534184,3165205651432927349,14,multiplicative,mul64
better-mphf-auto,build,2048,0.000000,1,2,0.016630,3538780091478534184,3165205651432927349,14,multiplicative,mul64
better-mphf-auto,build,2048,0.000000,1,3,0.016700,3538780091478534184,3165205651432927349,14,multiplicative,mul64
better-mphf-auto,build,2048,0.000000,1,4,0.016530,3538780091478534184,3165205651432927349,14,multiplicative,mul64
better-mphf-auto,build,2048,0.000000,1,5,0.016610,3538780091478534184,3165205651432927349,14,multiplicative,mul64
better-mphf-auto,build,2048,0.000000,1,6,0.016530,3538780091478534184,3165205651432927349,14,multiplicative,mul64
better-mphf-auto,lookup,2048,0.000000,1,0,0.041470,3538780091478534184,3165205651432927349,14,multiplicative,mul64
better-mphf-auto,lookup,2048,0.000000,1,1,0.037380,3538780091478534184,3165205651432927349,14,multiplicative,mul64
better-mphf-auto,lookup,2048,0.000000,1,2,0.040160,3538780091478534184,3165205651432927349,14,multiplicative,mul64
better-mphf-auto,lookup,2048,0.000000,1,3,0.025310,3538780091478534184,3165205651432927349,14,multiplicative,mul64
better-mphf-auto,lookup,2048,0.000000,1,4,0.024000,3538780091478534184,3165205651432927349,14,multiplicative,mul64
better-mphf-auto,build,4096,0.000000,1,0,0.041630,3538780091478534184,3165205651432927349,14,multiplicative,mul64
better-mphf-auto,build,4096,0.000000,1,1,0.039830,3538780091478534184,3165205651432927349,14,multiplicative,mul64
better-mphf-auto,build,4096,0.000000,1,2,0.046220,3538780091478534184,3165205651432927349,14,multiplicative,mul64
better-mphf-auto,build,4096,0.000000,1,3,0.039590,3538780091478534184,3165205651432927349,14,multiplicative,mul64
better-mphf-auto,build,4096,0.000000,1,4,0.041890,3538780091478534184,3165205651432927349,14,multiplicative,mul64
better-mphf-auto,build,4096,0.000000,1,5,0.039670,3538780091478534184,3165205651432927349,14,multiplicative,mul64
better-mphf-auto,build,4096,0.000000,1,6,0.039570,3538780091478534184,3165205651432927349,14,multiplicative,mul64
better-mphf-auto,lookup,4096,0.000000,1,0,0.083470,3538780091478534184,3165205651432927349,14,multiplicative,mul64
better-mphf-auto,lookup,4096,0.000000,1,1,0.081730,3538780091478534184,3165205651432927349,14,multiplicative,mul64
better-mphf-auto,lookup,4096,0.000000,1,2,0.053580,3538780091478534184,3165205651432927349,14,multiplicative,mul64
better-mphf-auto,lookup,4096,0.000000,1,3,0.048810,3538780091478534184,3165205651432927349,14,multiplicative,mul64
better-mphf-auto,lookup,4096,0.000000,1,4,0.048540,3538780091478534184,3165205651432927349,14,multiplicative,mul64
better-mphf-auto,build,8192,0.000000,1,0,0.060100,3538780091478534184,3165205651432927349,14,multiplicative,mul64
better-mphf-auto,build,8192,0.000000,1,1,0.056610,3538780091478534184,3165205651432927349,14,multiplicative,mul64
better-mphf-auto,build,8192,0.000000,1,2,0.056190,3538780091478534184,3165205651432927349,14,multiplicative,mul64
better-mphf-auto,build,8192,0.000000,1,3,0.056320,3538780091478534184,3165205651432927349,14,multiplicative,mul64
better-mphf-auto,build,8192,0.000000,1,4,0.058050,3538780091478534184,3165205651432927349,14,multiplicative,mul64
better-mphf-auto,build,8192,0.000000,1,5,0.056270,3538780091478534184,3165205651432927349,14,multiplicative,mul64
better-mphf-auto,build,8192,0.000000,1,6,0.066310,3538780091478534184,3165205651432927349,14,multiplicative,mul64
better-mphf-auto,lookup,8192,0.000000,1,0,0.169980,3538780091478534184,3165205651432927349,14,multiplicative,mul64
better-mphf-auto,lookup,8192,0.000000,1,1,0.163390,3538780091478534184,3165205651432927349,14,multiplicative,mul64
better-mphf-auto,lookup,8192,0.000000,1,2,0.117990,3538780091478534184,3165205651432927349,14,multiplicative,mul64
better-mphf-auto,lookup,8192,0.000000,1,3,0.100060,3538780091478534184,3165205651432927349,14,multiplicative,mul64
better-mphf-auto,lookup,8192,0.000000,1,4,0.097590,3538780091478534184,3165205651432927349,14,multiplicative,mul64
better-mphf-auto,build,16384,0.000000,1,0,0.154480,3538780091478534184,3165205651432927349,14,multiplicative,mul64
better-mphf-auto,build,16384,0.000000,1,1,0.142950,3538780091478534184,3165205651432927349,14,multiplicative,mul64
better-mphf-auto,build,16384,0.000000,1,2,0.141080,3538780091478534184,3165205651432927349,14,multiplicative,mul64
better-mphf-auto,build,16384,0.000000,1,3,0.148500,3538780091478534184,3165205651432927349,14,multiplicative,mul64
better-mphf-auto,build,16384,0.000000,1,4,0.141160,3538780091478534184,3165205651432927349,14,multiplicative,mul64
better-mphf-auto,build,16384,0.000000,1,5,0.139930,3538780091478534184,3165205651432927349,14,multiplicative,mul64
better-mphf-auto,build,16384,0.000000,1,6,0.139470,3538780091478534184,3165205651432927349,14,multiplicative,mul64
better-mphf-auto,lookup,16384,0.000000,1,0,0.343980,3538780091478534184,3165205651432927349,14,multiplicative,mul64
better-mphf-auto,lookup,16384,0.000000,1,1,0.334760,3538780091478534184,3165205651432927349,14,multiplicative,mul64
better-mphf-auto,lookup,16384,0.000000,1,2,0.320860,3538780091478534184,3165205651432927349,14,multiplicative,mul64
better-mphf-auto,lookup,16384,0.000000,1,3,0.305650,3538780091478534184,3165205651432927349,14,multiplicative,mul64
better-mphf-auto,lookup,16384,0.000000,1,4,0.282200,3538780091478534184,3165205651432927349,14,multiplicative,mul64
better-mphf-auto,build,32768,0.000000,1,0,0.766330,3538780091478534184,3165205651432927349,14,multiplicative,mul64
better-mphf-auto,build,32768,0.000000,1,1,0.736020,3538780091478534184,3165205651432927349,14,multiplicative,mul64
better-mphf-auto,build,32768,0.000000,1,2,0.711750,3538780091478534184,3165205651432927349,14,multiplicative,mul64
better-mphf-auto,build,32768,0.000000,1,3,0.701110,3538780091478534184,3165205651432927349,14,multiplicative,mul64
better-mphf-auto,build,32768,0.000000,1,4,0.686170,3538780091478534184,3165205651432927349,14,multiplicative,mul64
better-mphf-auto,build,32768,0.000000,1,5,0.690710,3538780091478534184,3165205651432927349,14,multiplicative,mul64
better-mphf-auto,build,32768,0.000000,1,6,0.691070,3538780091478534184,3165205651432927349,14,multiplicative,mul64
better-mphf-auto,lookup,32768,0.000000,1,0,0.689440,3538780091478534184,3165205651432927349,14,multiplicative,mul64
better-mphf-auto,lookup,32768,0.000000,1,1,0.685950,3538780091478534184,3165205651432927349,14,multiplicative,mul64
better-mphf-auto,lookup,32768,0.000000,1,2,0.672120,3538780091478534184,3165205651432927349,14,multiplicative,mul64
better-mphf-auto,lookup,32768,0.000000,1,3,0.669970,3538780091478534184,3165205651432927349,14,multiplicative,mul64
better-mphf-auto,lookup,32768,0.000000,1,4,0.666890,3538780091478534184,3165205651432927349,14,multiplicative,mul64
better-mphf-auto,build,65536,0.000000,1,0,1.561730,3538780091478534184,3165205651432927349,14,multiplicative,mul64
better-mphf-auto,build,65536,0.000000,1,1,1.564400,3538780091478534184,3165205651432927349,14,multiplicative,mul64
better-mphf-auto,build,65536,0.000000,1,2,1.699151,3538780091478534184,3165205651432927349,14,multiplicative,mul64
better-mphf-auto,build,65536,0.000000,1,3,1.756559,3538780091478534184,3165205651432927349,14,multiplicative,mul64
better-mphf-auto,build,65536,0.000000,1,4,1.799870,3538780091478534184,3165205651432927349,14,multiplicative,mul64
better-mphf-auto,build,65536,0.000000,1,5,1.757350,3538780091478534184,3165205651432927349,14,multiplicative,mul64
better-mphf-auto,build,65536,0.000000,1,6,1.712880,3538780091478534184,3165205651432927349,14,multiplicative,mul64
better-mphf-auto,lookup,65536,0.000000,1,0,1.459070,3538780091478534184,3165205651432927349,14,multiplicative,mul64
better-mphf-auto,lookup,65536,0.000000,1,1,1.436640,3538780091478534184,3165205651432927349,14,multiplicative,mul64
better-mphf-auto,lookup,65536,0.000000,1,2,1.415119,3538780091478534184,3165205651432927349,14,multiplicative,mul64
better-mphf-auto,lookup,65536,0.000000,1,3,1.403331,3538780091478534184,3165205651432927349,14,multiplicative,mul64
better-mphf-auto,lookup,65536,0.000000,1,4,1.406609,3538780091478534184,3165205651432927349,14,multiplicative,mul64
better-mphf-auto,build,131072,0.000000,1,0,2.025960,3538780091478534184,3165205651432927349,14,multiplicative,mul64
better-mphf-auto,build,131072,0.000000,1,1,2.038140,3538780091478534184,3165205651432927349,14,multiplicative,mul64
better-mphf-auto,build,131072,0.000000,1,2,2.032640,3538780091478534184,3165205651432927349,14,multiplicative,mul64
better-mphf-auto,build,131072,0.000000,1,3,2.041320,3538780091478534184,3165205651432927349,14,multiplicative,mul64
better-mphf-auto,build,131072,0.000000,1,4,2.050449,3538780091478534184,3165205651432927349,14,multiplicative,mul64
better-mphf-auto,build,131072,0.000000,1,5,2.042160,3538780091478534184,3165205651432927349,14,multiplicative,mul64
better-mphf-auto,build,131072,0.000000,1,6,2.047720,3538780091478534184,3165205651432927349,14,multiplicative,mul64
better-mphf-auto,lookup,131072,0.000000,1,0,3.164520,3538780091478534184,3165205651432927349,14,multiplicative,mul64
better-mphf-auto,lookup,131072,0.000000,1,1,3.074090,3538780091478534184,3165205651432927349,14,multiplicative,mul64
better-mphf-auto,lookup,131072,0.000000,1,2,3.022980,3538780091478534184,3165205651432927349,14,multiplicative,mul64
better-mphf-auto,lookup,131072,0.000000,1,3,2.974820,3538780091478534184,3165205651432927349,14,multiplicative,mul64
better-mphf-auto,lookup,131072,0.000000,1,4,2.948009,3538780091478534184,3165205651432927349,14,multiplicative,mul64
better-mphf-auto,build,262144,0.000000,1,0,4.207889,3538780091478534184,3165205651432927349,14,multiplicative,mul64
better-mphf-auto,build,262144,0.000000,1,1,3.985320,3538780091478534184,3165205651432927349,14,multiplicative,mul64
better-mphf-auto,build,262144,0.000000,1,2,3.924490,3538780091478534184,3165205651432927349,14,multiplicative,mul64
better-mphf-auto,build,262144,0.000000,1,3,3.882830,3538780091478534184,3165205651432927349,14,multiplicative,mul64
better-mphf-auto,build,262144,0.000000,1,4,3.874600,3538780091478534184,3165205651432927349,14,multiplicative,mul64
better-mphf-auto,build,262144,0.000000,1,5,4.109809,3538780091478534184,3165205651432927349,14,multiplicative,mul64
better-mphf-auto,build,262144,0.000000,1,6,4.638960,3538780091478534184,3165205651432927349,14,multiplicative,mul64
better-mphf-auto,lookup,262144,0.000000,1,0,6.280369,3538780091478534184,3165205651432927349,14,multiplicative,mul64
better-mphf-auto,lookup,262144,0.000000,1,1,6.153760,3538780091478534184,3165205651432927349,14,multiplicative,mul64
better-mphf-auto,lookup,262144,0.000000,1,2,6.207180,3538780091478534184,3165205651432927349,14,multiplicative,mul64
better-mphf-auto,lookup,262144,0.000000,1,3,7.190650,3538780091478534184,3165205651432927349,14,multiplicative,mul64
better-mphf-auto,lookup,262144,0.000000,1,4,6.812980,3538780091478534184,3165205651432927349,14,multiplicative,mul64
better-mphf-auto,build,524288,0.000000,1,0,7.273560,3538780091478534184,3165205651432927349,14,multiplicative,mul64
better-mphf-auto,build,524288,0.000000,1,1,7.349109,3538780091478534184,3165205651432927349,14,multiplicative,mul64
better-mphf-auto,build,524288,0.000000,1,2,7.254460,3538780091478534184,3165205651432927349,14,multiplicative,mul64
better-mphf-auto,build,524288,0.000000,1,3,7.257829,3538780091478534184,3165205651432927349,14,multiplicative,mul64
better-mphf-auto,build,524288,0.000000,1,4,7.244790,3538780091478534184,3165205651432927349,14,multiplicative,mul64
better-mphf-auto,build,524288,0.000000,1,5,7.266910,3538780091478534184,3165205651432927349,14,multiplicative,mul64
better-mphf-auto,build,524288,0.000000,1,6,7.288079,3538780091478534184,3165205651432927349,14,multiplicative,mul64
better-mphf-auto,lookup,524288,0.000000,1,0,12.529309,3538780091478534184,3165205651432927349,14,multiplicative,mul64
better-mphf-auto,lookup,524288,0.000000,1,1,12.623159,3538780091478534184,3165205651432927349,14,multiplicative,mul64
better-mphf-auto,lookup,524288,0.000000,1,2,12.562049,3538780091478534184,3165205651432927349,14,multiplicative,mul64
better-mphf-auto,lookup,524288,0.000000,1,3,12.535380,3538780091478534184,3165205651432927349,14,multiplicative,mul64
better-mphf-auto,lookup,524288,0.000000,1,4,12.544469,3538780091478534184,3165205651432927349,14,multiplicative,mul64
better-mphf-auto,build,1048576,0.000000,1,0,24.476038,3538780091478534184,3165205651432927349,14,multiplicative,mul64
better-mphf-auto,build,1048576,0.000000,1,1,24.776009,3538780091478534184,3165205651432927349,14,multiplicative,mul64
better-mphf-auto,build,1048576,0.000000,1,2,24.650368,3538780091478534184,3165205651432927349,14,multiplicative,mul64
better-mphf-auto,build,1048576,0.000000,1,3,24.579949,3538780091478534184,3165205651432927349,14,multiplicative,mul64
better-mphf-auto,build,1048576,0.000000,1,4,24.295218,3538780091478534184,3165205651432927349,14,multiplicative,mul64
better-mphf-auto,build,1048576,0.000000,1,5,24.420379,3538780091478534184,3165205651432927349,14,multiplicative,mul64
better-mphf-auto,build,1048576,0.000000,1,6,24.416218,3538780091478534184,3165205651432927349,14,multiplicative,mul64
better-mphf-auto,lookup,1048576,0.000000,1,0,28.729548,3538780091478534184,3165205651432927349,14,multiplicative,mul64
better-mphf-auto,lookup,1048576,0.000000,1,1,28.701468,3538780091478534184,3165205651432927349,14,multiplicative,mul64
better-mphf-auto,lookup,1048576,0.000000,1,2,28.690678,3538780091478534184,3165205651432927349,14,multiplicative,mul64
better-mphf-auto,lookup,1048576,0.000000,1,3,28.669508,3538780091478534184,3165205651432927349,14,multiplicative,mul64
better-mphf-auto,lookup,1048576,0.000000,1,4,28.677838,3538780091478534184,3165205651432927349,14,multiplicative,mul64
better-mphf-auto,build,2097152,0.000000,1,0,35.388287,3538780091478534184,3165205651432927349,14,multiplicative,mul64
better-mphf-auto,build,2097152,0.000000,1,1,35.235347,3538780091478534184,3165205651432927349,14,multiplicative,mul64
better-mphf-auto,build,2097152,0.000000,1,2,35.241227,3538780091478534184,3165205651432927349,14,multiplicative,mul64
better-mphf-auto,build,2097152,0.000000,1,3,34.484867,3538780091478534184,3165205651432927349,14,multiplicative,mul64
better-mphf-auto,build,2097152,0.000000,1,4,34.667268,3538780091478534184,3165205651432927349,14,multiplicative,mul64
better-mphf-auto,build,2097152,0.000000,1,5,34.538628,3538780091478534184,3165205651432927349,14,multiplicative,mul64
better-mphf-auto,build,2097152,0.000000,1,6,35.233458,3538780091478534184,3165205651432927349,14,multiplicative,mul64
better-mphf-auto,lookup,2097152,0.000000,1,0,66.406376,3538780091478534184,3165205651432927349,14,multiplicative,mul64
better-mphf-auto,lookup,2097152,0.000000,1,1,66.515466,3538780091478534184,3165205651432927349,14,multiplicative,mul64
better-mphf-auto,lookup,2097152,0.000000,1,2,66.689266,3538780091478534184,3165205651432927349,14,multiplicative,mul64
better-mphf-auto,lookup,2097152,0.000000,1,3,66.682666,3538780091478534184,3165205651432927349,14,multiplicative,mul64
better-mphf-auto,lookup,2097152,0.000000,1,4,66.684156,3538780091478534184,3165205651432927349,14,multiplicative,mul64
better-mphf-auto,build,512,0.000000,1,0,0.006410,12697299722149125515,16381852310217306666,15,multiplicative,mul64
better-mphf-auto,build,512,0.000000,1,1,0.005950,12697299722149125515,16381852310217306666,15,multiplicative,mul64
better-mphf-auto,build,512,0.000000,1,2,0.005970,12697299722149125515,16381852310217306666,15,multiplicative,mul64
better-mphf-auto,build,512,0.000000,1,3,0.005900,12697299722149125515,16381852310217306666,15,multiplicative,mul64
better-mphf-auto,build,512,0.000000,1,4,0.005910,12697299722149125515,16381852310217306666,15,multiplicative,mul64
better-mphf-auto,build,512,0.000000,1,5,0.005930,12697299722149125515,16381852310217306666,15,multiplicative,mul64
better-mphf-auto,build,512,0.000000,1,6,0.005900,12697299722149125515,16381852310217306666,15,multiplicative,mul64
better-mphf-auto,lookup,512,0.000000,1,0,0.010910,12697299722149125515,16381852310217306666,15,multiplicative,mul64
better-mphf-auto,lookup,512,0.000000,1,1,0.010340,12697299722149125515,16381852310217306666,15,multiplicative,mul64
better-mphf-auto,lookup,512,0.000000,1,2,0.006590,12697299722149125515,16381852310217306666,15,multiplicative,mul64
better-mphf-auto,lookup,512,0.000000,1,3,0.006180,12697299722149125515,16381852310217306666,15,multiplicative,mul64
better-mphf-auto,lookup,512,0.000000,1,4,0.006150,12697299722149125515,16381852310217306666,15,multiplicative,mul64
better-mphf-auto,build,1024,0.000000,1,0,0.008930,12697299722149125515,16381852310217306666,15,multiplicative,mul64
better-mphf-auto,build,1024,0.000000,1,1,0.008250,12697299722149125515,16381852310217306666,15,multiplicative,mul64
better-mphf-auto,build,1024,0.000000,1,2,0.008220,12697299722149125515,16381852310217306666,15,multiplicative,mul64
better-mphf-auto,build,1024,0.000000,1,3,0.008180,12697299722149125515,16381852310217306666,15,multiplicative,mul64
better-mphf-auto,build,1024,0.000000,1,4,0.008180,12697299722149125515,16381852310217306666,15,multiplicative,mul64
better-mphf-auto,build,1024,0.000000,1,5,0.008190,12697299722149125515,16381852310217306666,15,multiplicative,mul64
better-mphf-auto,build,1024,0.000000,1,6,0.008180,12697299722149125515,16381852310217306666,15,multiplicative,mul64
better-mphf-auto,lookup,1024,0.000000,1,0,0.022730,12697299722149125515,16381852310217306666,15,multiplicative,mul64
better-mphf-auto,lookup,1024,0.000000,1,1,0.021930,12697299722149125515,16381852310217306666,15,multiplicative,mul64
better-mphf-auto,lookup,1024,0.000000,1,2,0.013770,12697299722149125515,16381852310217306666,15,multiplicative,mul64
better-mphf-auto,lookup,1024,0.000000,1,3,0.013170,12697299722149125515,16381852310217306666,15,multiplicative,mul64
better-mphf-auto,lookup,1024,0.000000,1,4,0.013130,12697299722149125515,16381852310217306666,15,multiplicative,mul64
better-mphf-auto,build,2048,0.000000,1,0,0.021210,12697299722149125515,16381852310217306666,15,multiplicative,mul64
better-mphf-auto,build,2048,0.000000,1,1,0.020580,12697299722149125515,16381852310217306666,15,multiplicative,mul64
better-mphf-auto,build,2048,0.000000,1,2,0.020300,12697299722149125515,16381852310217306666,15,multiplicative,mul64
better-mphf-auto,build,2048,0.000000,1,3,0.022670,12697299722149125515,16381852310217306666,15,multiplicative,mul64
better-mphf-auto,build,2048,0.000000,1,4,0.020400,12697299722149125515,16381852310217306666,15,multiplicative,mul64
better-mphf-auto,build,2048,0.000000,1,5,0.020390,12697299722149125515,16381852310217306666,15,multiplicative,mul64
better-mphf-auto,build,2048,0.000000,1,6,0.020320,12697299722149125515,16381852310217306666,15,multiplicative,mul64
better-mphf-auto,lookup,2048,0.000000,1,0,0.042160,12697299722149125515,16381852310217306666,15,multiplicative,mul64
better-mphf-auto,lookup,2048,0.000000,1,1,0.038070,12697299722149125515,16381852310217306666,15,multiplicative,mul64
better-mphf-auto,lookup,2048,0.000000,1,2,0.025250,12697299722149125515,16381852310217306666,15,multiplicative,mul64
better-mphf-auto,lookup,2048,0.000000,1,3,0.024150,12697299722149125515,16381852310217306666,15,multiplicative,mul64
better-mphf-auto,lookup,2048,0.000000,1,4,0.024090,12697299722149125515,16381852310217306666,15,multiplicative,mul64
better-mphf-auto,build,4096,0.000000,1,0,0.032110,12697299722149125515,16381852310217306666,15,multiplicative,mul64
better-mphf-auto,build,4096,0.000000,1,1,0.030470,12697299722149125515,16381852310217306666,15,multiplicative,mul64
better-mphf-auto,build,4096,0.000000,1,2,0.030280,12697299722149125515,16381852310217306666,15,multiplicative,mul64
better-mphf-auto,build,4096,0.000000,1,3,0.030260,12697299722149125515,16381852310217306666,15,multiplicative,mul64
better-mphf-auto,build,4096,0.000000,1,4,0.032030,12697299722149125515,16381852310217306666,15,multiplicative,mul64
better-mphf-auto,build,4096,0.000000,1,5,0.030280,12697299722149125515,16381852310217306666,15,multiplicative,mul64
better-mphf-auto,build,4096,0.000000,1,6,0.030150,12697299722149125515,16381852310217306666,15,multiplicative,mul64
better-mphf-auto,lookup,4096,0.000000,1,0,0.085520,12697299722149125515,16381852310217306666,15,multiplicative,mul64
better-mphf-auto,lookup,4096,0.000000,1,1,0.088860,12697299722149125515,16381852310217306666,15,multiplicative,mul64
better-mphf-auto,lookup,4096,0.000000,1,2,0.053600,12697299722149125515,16381852310217306666,15,multiplicative,mul64
better-mphf-auto,lookup,4096,0.000000,1,3,0.048510,12697299722149125515,16381852310217306666,15,multiplicative,mul64
better-mphf-auto,lookup,4096,0.000000,1,4,0.048300,12697299722149125515,16381852310217306666,15,multiplicative,mul64
better-mphf-auto,build,8192,0.000000,1,0,0.075530,12697299722149125515,16381852310217306666,15,multiplicative,mul64
better-mphf-auto,build,8192,0.000000,1,1,0.072020,12697299722149125515,16381852310217306666,15,multiplicative,mul64
better-mphf-auto,build,8192,0.000000,1,2,0.071040,12697299722149125515,16381852310217306666,15,multiplicative,mul64
better-mphf-auto,build,8192,0.000000,1,3,0.070900,12697299722149125515,16381852310217306666,15,multiplicative,mul64
better-mphf-auto,build,8192,0.000000,1,4,0.073380,12697299722149125515,16381852310217306666,15,multiplicative,mul64
better-mphf-auto,build,8192,0.000000,1,5,0.071240,12697299722149125515,16381852310217306666,15,multiplicative,mul64
better-mphf-auto,build,8192,0.000000,1,6,0.071100,12697299722149125515,16381852310217306666,15,multiplicative,mul64
better-mphf-auto,lookup,8192,0.000000,1,0,0.169370,12697299722149125515,16381852310217306666,15,multiplicative,mul64
better-mphf-auto,lookup,8192,0.000000,1,1,0.172480,12697299722149125515,16381852310217306666,15,multiplicative,mul64
better-mphf-auto,lookup,8192,0.000000,1,2,0.123500,12697299722149125515,16381852310217306666,15,multiplicative,mul64
better-mphf-auto,lookup,8192,0.000000,1,3,0.101920,12697299722149125515,16381852310217306666,15,multiplicative,mul64
better-mphf-auto,lookup,8192,0.000000,1,4,0.098410,12697299722149125515,16381852310217306666,15,multiplicative,mul64
better-mphf-auto,build,16384,0.000000,1,0,0.261530,12697299722149125515,16381852310217306666,15,multiplicative,mul64
better-mphf-auto,build,16384,0.000000,1,1,0.240170,12697299722149125515,16381852310217306666,15,multiplicative,mul64
better-mphf-auto,build,16384,0.000000,1,2,0.238970,12697299722149125515,16381852310217306666,15,multiplicative,mul64
better-mphf-auto,build,16384,0.000000,1,3,0.238010,12697299722149125515,16381852310217306666,15,multiplicative,mul64
better-mphf-auto,build,16384,0.000000,1,4,0.245490,12697299722149125515,16381852310217306666,15,multiplicative,mul64
better-mphf-auto,build,16384,0.000000,1,5,0.238910,12697299722149125515,16381852310217306666,15,multiplicative,mul64
better-mphf-auto,build,16384,0.000000,1,6,0.238180,12697299722149125515,16381852310217306666,15,multiplicative,mul64
better-mphf-auto,lookup,16384,0.000000,1,0,0.346010,12697299722149125515,16381852310217306666,15,multiplicative,mul64
better-mphf-auto,lookup,16384,0.000000,1,1,0.338260,12697299722149125515,16381852310217306666,15,multiplicative,mul64
better-mphf-auto,lookup,16384,0.000000,1,2,0.323260,12697299722149125515,16381852310217306666,15,multiplicative,mul64
better-mphf-auto,lookup,16384,0.000000,1,3,0.308040,12697299722149125515,16381852310217306666,15,multiplicative,mul64
better-mphf-auto,lookup,16384,0.000000,1,4,0.283370,12697299722149125515,16381852310217306666,15,multiplicative,mul64
better-mphf-auto,build,32768,0.000000,1,0,0.471540,12697299722149125515,16381852310217306666,15,multiplicative,mul64
better-mphf-auto,build,32768,0.000000,1,1,0.439560,12697299722149125515,16381852310217306666,15,multiplicative,mul64
better-mphf-auto,build,32768,0.000000,1,2,0.420850,12697299722149125515,16381852310217306666,15,multiplicative,mul64
better-mphf-auto,build,32768,0.000000,1,3,0.512910,12697299722149125515,16381852310217306666,15,multiplicative,mul64
better-mphf-auto,build,32768,0.000000,1,4,0.474230,12697299722149125515,16381852310217306666,15,multiplicative,mul64
better-mphf-auto,build,32768,0.000000,1,5,0.443770,12697299722149125515,16381852310217306666,15,multiplicative,mul64
better-mphf-auto,build,32768,0.000000,1,6,0.411600,12697299722149125515,16381852310217306666,15,multiplicative,mul64
better-mphf-auto,lookup,32768,0.000000,1,0,0.693310,12697299722149125515,16381852310217306666,15,multiplicative,mul64
better-mphf-auto,lookup,32768,0.000000,1,1,0.695210,12697299722149125515,16381852310217306666,15,multiplicative,mul64
better-mphf-auto,lookup,32768,0.000000,1,2,0.688090,12697299722149125515,16381852310217306666,15,multiplicative,mul64
better-mphf-auto,lookup,32768,0.000000,1,3,0.675590,12697299722149125515,16381852310217306666,15,multiplicative,mul64
better-mphf-auto,lookup,32768,0.000000,1,4,0.678320,12697299722149125515,16381852310217306666,15,multiplicative,mul64
better-mphf-auto,build,65536,0.000000,1,0,1.369729,12697299722149125515,16381852310217306666,15,multiplicative,mul64
better-mphf-auto,build,65536,0.000000,1,1,1.350960,12697299722149125515,16381852310217306666,15,multiplicative,mul64
better-mphf-auto,build,65536,0.000000,1,2,1.347029,12697299722149125515,16381852310217306666,15,multiplicative,mul64
better-mphf-auto,build,65536,0.000000,1,3,1.355990,12697299722149125515,16381852310217306666,15,multiplicative,mul64
better-mphf-auto,build,65536,0.000000,1,4,1.346750,12697299722149125515,16381852310217306666,15,multiplicative,mul64
better-mphf-auto,build,65536,0.000000,1,5,1.344740,12697299722149125515,16381852310217306666,15,multiplicative,mul64
better-mphf-auto,build,65536,0.000000,1,6,1.339440,12697299722149125515,16381852310217306666,15,multiplicative,mul64
better-mphf-auto,lookup,65536,0.000000,1,0,1.425240,12697299722149125515,16381852310217306666,15,multiplicative,mul64
better-mphf-auto,lookup,65536,0.000000,1,1,1.417640,12697299722149125515,16381852310217306666,15,multiplicative,mul64
better-mphf-auto,lookup,65536,0.000000,1,2,1.420910,12697299722149125515,16381852310217306666,15,multiplicative,mul64
better-mphf-auto,lookup,65536,0.000000,1,3,1.404790,12697299722149125515,16381852310217306666,15,multiplicative,mul64
better-mphf-auto,lookup,65536,0.000000,1,4,1.410620,12697299722149125515,16381852310217306666,15,multiplicative,mul64
better-mphf-auto,build,131072,0.000000,1,0,2.484260,12697299722149125515,16381852310217306666,15,multiplicative,mul64
better-mphf-auto,build,131072,0.000000,1,1,2.480640,12697299722149125515,16381852310217306666,15,multiplicative,mul64
better-mphf-auto,build,131072,0.000000,1,2,2.501100,12697299722149125515,16381852310217306666,15,multiplicative,mul64
better-mphf-auto,build,131072,0.000000,1,3,2.580840,12697299722149125515,16381852310217306666,15,multiplicative,mul64
better-mphf-auto,build,131072,0.000000,1,4,2.760880,12697299722149125515,16381852310217306666,15,multiplicative,mul64
better-mphf-auto,build,131072,0.000000,1,5,2.804150,12697299722149125515,16381852310217306666,15,multiplicative,mul64
better-mphf-auto,build,131072,0.000000,1,6,2.738310,12697299722149125515,16381852310217306666,15,multiplicative,mul64
better-mphf-auto,lookup,131072,0.000000,1,0,3.029390,12697299722149125515,16381852310217306666,15,multiplicative,mul64
better-mphf-auto,lookup,131072,0.000000,1,1,3.035110,12697299722149125515,16381852310217306666,15,multiplicative,mul64
better-mphf-auto,lookup,131072,0.000000,1,2,3.017980,12697299722149125515,16381852310217306666,15,multiplicative,mul64
better-mphf-auto,lookup,131072,0.000000,1,3,3.020990,12697299722149125515,16381852310217306666,15,multiplicative,mul64
better-mphf-auto,lookup,131072,0.000000,1,4,3.013970,12697299722149125515,16381852310217306666,15,multiplicative,mul64
better-mphf-auto,build,262144,0.000000,1,0,3.320329,12697299722149125515,16381852310217306666,15,multiplicative,mul64
better-mphf-auto,build,262144,0.000000,1,1,3.315050,12697299722149125515,16381852310217306666,15,multiplicative,mul64
better-mphf-auto,build,262144,0.000000,1,2,3.292410,12697299722149125515,16381852310217306666,15,multiplicative,mul64
better-mphf-auto,build,262144,0.000000,1,3,3.299700,12697299722149125515,16381852310217306666,15,multiplicative,mul64
better-mphf-auto,build,262144,0.000000,1,4,3.349469,12697299722149125515,16381852310217306666,15,multiplicative,mul64
better-mphf-auto,build,262144,0.000000,1,5,3.280139,12697299722149125515,16381852310217306666,15,multiplicative,mul64
better-mphf-auto,build,262144,0.000000,1,6,3.422030,12697299722149125515,16381852310217306666,15,multiplicative,mul64
better-mphf-auto,lookup,262144,0.000000,1,0,7.111339,12697299722149125515,16381852310217306666,15,multiplicative,mul64
better-mphf-auto,lookup,262144,0.000000,1,1,6.107539,12697299722149125515,16381852310217306666,15,multiplicative,mul64
better-mphf-auto,lookup,262144,0.000000,1,2,6.108620,12697299722149125515,16381852310217306666,15,multiplicative,mul64
better-mphf-auto,lookup,262144,0.000000,1,3,6.612449,12697299722149125515,16381852310217306666,15,multiplicative,mul64
better-mphf-auto,lookup,262144,0.000000,1,4,6.258460,12697299722149125515,16381852310217306666,15,multiplicative,mul64
better-mphf-auto,build,524288,0.000000,1,0,15.521019,12697299722149125515,16381852310217306666,15,multiplicative,mul64
better-mphf-auto,build,524288,0.000000,1,1,14.403509,12697299722149125515,16381852310217306666,15,multiplicative,mul64
better-mphf-auto,build,524288,0.000000,1,2,11.382680,12697299722149125515,16381852310217306666,15,multiplicative,mul64
better-mphf-auto,build,524288,0.000000,1,3,11.395049,12697299722149125515,16381852310217306666,15,multiplicative,mul64
better-mphf-auto,build,524288,0.000000,1,4,11.385269,12697299722149125515,16381852310217306666,15,multiplicative,mul64
better-mphf-auto,build,524288,0.000000,1,5,11.395610,12697299722149125515,16381852310217306666,15,multiplicative,mul64
better-mphf-auto,build,524288,0.000000,1,6,11.403870,12697299722149125515,16381852310217306666,15,multiplicative,mul64
better-mphf-auto,lookup,524288,0.000000,1,0,12.571969,12697299722149125515,16381852310217306666,15,multiplicative,mul64
better-mphf-auto,lookup,524288,0.000000,1,1,12.540279,12697299722149125515,16381852310217306666,15,multiplicative,mul64
better-mphf-auto,lookup,524288,0.000000,1,2,12.531060,12697299722149125515,16381852310217306666,15,multiplicative,mul64
better-mphf-auto,lookup,524288,0.000000,1,3,12.520699,12697299722149125515,16381852310217306666,15,multiplicative,mul64
better-mphf-auto,lookup,524288,0.000000,1,4,12.522259,12697299722149125515,16381852310217306666,15,multiplicative,mul64
better-mphf-auto,build,1048576,0.000000,1,0,14.712559,12697299722149125515,16381852310217306666,15,multiplicative,mul64
better-mphf-auto,build,1048576,0.000000,1,1,14.797589,12697299722149125515,16381852310217306666,15,multiplicative,mul64
better-mphf-auto,build,1048576,0.000000,1,2,14.792729,12697299722149125515,16381852310217306666,15,multiplicative,mul64
better-mphf-auto,build,1048576,0.000000,1,3,14.749029,12697299722149125515,16381852310217306666,15,multiplicative,mul64
better-mphf-auto,build,1048576,0.000000,1,4,14.656689,12697299722149125515,16381852310217306666,15,multiplicative,mul64
better-mphf-auto,build,1048576,0.000000,1,5,14.677449,12697299722149125515,16381852310217306666,15,multiplicative,mul64
better-mphf-auto,build,1048576,0.000000,1,6,14.689979,12697299722149125515,16381852310217306666,15,multiplicative,mul64
better-mphf-auto,lookup,1048576,0.000000,1,0,28.503148,12697299722149125515,16381852310217306666,15,multiplicative,mul64
better-mphf-auto,lookup,1048576,0.000000,1,1,28.650318,12697299722149125515,16381852310217306666,15,multiplicative,mul64
better-mphf-auto,lookup,1048576,0.000000,1,2,28.465838,12697299722149125515,16381852310217306666,15,multiplicative,mul64
better-mphf-auto,lookup,1048576,0.000000,1,3,28.464769,12697299722149125515,16381852310217306666,15,multiplicative,mul64
better-mphf-auto,lookup,1048576,0.000000,1,4,28.480708,12697299722149125515,16381852310217306666,15,multiplicative,mul64
better-mphf-auto,build,2097152,0.000000,1,0,32.252148,12697299722149125515,16381852310217306666,15,multiplicative,mul64
better-mphf-auto,build,2097152,0.000000,1,1,31.655818,12697299722149125515,16381852310217306666,15,multiplicative,mul64
better-mphf-auto,build,2097152,0.000000,1,2,31.476888,12697299722149125515,16381852310217306666,15,multiplicative,mul64
better-mphf-auto,build,2097152,0.000000,1,3,31.289459,12697299722149125515,16381852310217306666,15,multiplicative,mul64
better-mphf-auto,build,2097152,0.000000,1,4,30.781079,12697299722149125515,16381852310217306666,15,multiplicative,mul64
better-mphf-auto,build,2097152,0.000000,1,5,31.109138,12697299722149125515,16381852310217306666,15,multiplicative,mul64
better-mphf-auto,build,2097152,0.000000,1,6,31.251878,12697299722149125515,16381852310217306666,15,multiplicative,mul64
better-mphf-auto,lookup,2097152,0.000000,1,0,66.876816,12697299722149125515,16381852310217306666,15,multiplicative,mul64
better-mphf-auto,lookup,2097152,0.000000,1,1,67.604326,12697299722149125515,16381852310217306666,15,multiplicative,mul64
better-mphf-auto,lookup,2097152,0.000000,1,2,68.022656,12697299722149125515,16381852310217306666,15,multiplicative,mul64
better-mphf-auto,lookup,2097152,0.000000,1,3,66.920936,12697299722149125515,16381852310217306666,15,multiplicative,mul64
better-mphf-auto,lookup,2097152,0.000000,1,4,67.132286,12697299722149125515,16381852310217306666,15,multiplicative,mul64
